Start computing the 1th graph now

Nodes	Edges	Alpha	Max_Dep	Average_Dep	Max_Deg	Min_Deg	Avg_Deg	Graph_Time	Analysis_time	Diameter
100	118	1.0359	3	1.13	9	1	2.36	7574378	1347384
200	287	1.0682	6	1.345	13	1	2.87	17623504	236915
300	419	1.0586	5	1.3167	20	1	2.7933	27386566	701530
400	576	1.0609	6	1.3325	20	1	2.88	32862113	400107
500	703	1.0548	5	1.326	22	1	2.812	36446946	269553
600	841	1.0528	5	1.3367	15	1	2.8033	39335239	310640
700	977	1.0509	6	1.3071	21	1	2.7914	42226220	205429
800	1145	1.0536	5	1.3463	22	1	2.8625	45528443	130169
900	1268	1.0504	5	1.3289	20	1	2.8178	49821717	167799
1000	1390	1.0477	7	1.329	16	1	2.78	53348569	164343
1100	1545	1.0485	7	1.3373	21	1	2.8091	56587051	190070
1200	1714	1.0503	7	1.3567	20	1	2.8567	115524825	419689
1300	1831	1.0478	5	1.3338	26	1	2.8169	118985632	185462
1400	1998	1.0491	6	1.3521	25	1	2.8543	122715608	231540
1500	2102	1.0461	6	1.34	21	1	2.8027	128099384	412010
1600	2312	1.0499	6	1.3544	17	1	2.89	132819259	225396
1700	2404	1.0466	8	1.3312	25	1	2.8282	137745331	280689
1800	2502	1.0439	7	1.3328	19	1	2.78	143303433	496870
1900	2688	1.046	7	1.3384	21	1	2.8295	191080460	615903
2000	2788	1.0437	6	1.3265	18	1	2.788	197466422	351341
2100	3013	1.0472	8	1.349	25	1	2.8695	209681192	556770
2200	3088	1.0441	8	1.3355	27	1	2.8073	216902693	412010
2300	3272	1.0455	7	1.3487	21	1	2.8452	224082341	599008
2400	3325	1.0419	5	1.3233	21	1	2.7708	305578141	804821
2500	3535	1.0443	6	1.3384	25	1	2.828	314800559	5383776
2600	3664	1.0436	6	1.3362	23	1	2.8185	322598030	1454898
2700	3770	1.0423	6	1.3304	22	1	2.7926	330271860	717274
2800	3863	1.0405	7	1.3229	19	1	2.7593	362719660	1176129
2900	4096	1.0433	7	1.3386	21	1	2.8248	380962140	1302459
3000	4327	1.0457	6	1.3557	25	1	2.8847	401417877	787542
3100	4330	1.0416	6	1.3265	22	1	2.7935	413575819	1014857
3200	4480	1.0417	6	1.3288	27	1	2.8	424020828	658909
3300	4599	1.041	5	1.3291	21	1	2.7873	440654818	1107013
3400	4727	1.0405	6	1.3229	25	1	2.7806	450768453	724953
3500	4922	1.0418	6	1.3351	26	1	2.8126	474319449	1032137
3600	5148	1.0437	7	1.3544	27	1	2.86	489131840	861266
3700	5212	1.0417	6	1.3438	29	1	2.8173	501524009	1949464
3800	5338	1.0412	6	1.3295	27	1	2.8095	538008585	872018
3900	5343	1.0381	6	1.3044	24	1	2.74	567669846	2033171
4000	5664	1.0419	7	1.3428	23	1	2.832	604677786	1698341
4100	5695	1.0395	6	1.328	36	1	2.778	620275800	1004490
4200	5873	1.0402	7	1.329	21	1	2.7967	675047014	1198016
4300	6068	1.0412	6	1.3391	28	1	2.8223	687571656	1301306
4400	6153	1.04	7	1.3243	27	1	2.7968	722728047	1173441
4500	6348	1.0409	8	1.3344	24	1	2.8213	736033319	1192256
4600	6451	1.0401	7	1.3335	23	1	2.8048	749772872	1190336
4700	6586	1.0399	6	1.3315	27	1	2.8026	763876437	1145027
4800	6579	1.0372	7	1.3088	20	1	2.7413	779586573	36911561
4900	6946	1.0411	8	1.3408	25	1	2.8351	797592522	41615309
5000	7094	1.0411	7	1.3422	25	1	2.8376	882815995	1546670
5100	7329	1.0425	7	1.3545	25	1	2.8741	902462688	1853085
5200	7283	1.0394	8	1.3338	26	1	2.8012	923238665	1833502
5300	7389	1.0387	6	1.33	29	1	2.7883	962847298	1618474
5400	7512	1.0384	6	1.3237	25	1	2.7822	986589900	1681830
5500	7596	1.0375	7	1.322	29	1	2.7622	1005485145	1775905
5600	7799	1.0384	7	1.3257	43	1	2.7854	1078452377	1673766
5700	7906	1.0378	8	1.3209	25	1	2.774	1118861223	1587755
5800	8054	1.0379	7	1.3217	27	1	2.7772	1143826031	1621929
5900	8263	1.0388	6	1.3312	27	1	2.801	1181226014	7352054
6000	8282	1.0371	6	1.3173	30	1	2.7607	1222240012	2139150
6100	8435	1.0372	7	1.3169	21	1	2.7656	1243948675	2239752
6200	8711	1.0389	6	1.3326	28	1	2.81	1267037743	1680678
6300	8822	1.0385	7	1.3316	30	1	2.8006	1296701308	2185611
6400	9008	1.039	7	1.3352	24	1	2.815	1355907484	2256647
6500	9059	1.0378	7	1.3297	26	1	2.7874	1389019569	2755053
6600	9352	1.0396	6	1.3405	23	1	2.8339	1442992489	7620456
6700	9479	1.0394	7	1.3409	42	1	2.8296	1466781936	2261639
6800	9583	1.0389	6	1.3343	25	1	2.8185	1529961531	2346114
6900	9610	1.0375	7	1.321	30	1	2.7855	1591617112	3652796
7000	9681	1.0366	7	1.3204	31	1	2.766	1665556580	2046994
7100	10037	1.039	9	1.3421	29	1	2.8273	1692607165	2272390
7200	10116	1.0383	7	1.3317	29	1	2.81	1778152028	2445565
7300	10209	1.0377	7	1.3252	28	1	2.797	1860796694	2461308
7400	10421	1.0384	7	1.3312	28	1	2.8165	1882654724	2895973
7500	10618	1.039	7	1.3433	26	1	2.8315	1920017077	35287328
7600	10816	1.0395	6	1.3463	26	1	2.8463	1985222932	2713583
7700	10738	1.0372	8	1.3287	29	1	2.7891	2017941438	2683633
7800	11015	1.0385	7	1.3382	24	1	2.8244	2076060953	2612213
7900	11034	1.0372	6	1.3247	26	1	2.7934	2099964058	2321924
8000	11204	1.0375	6	1.3304	31	1	2.801	2123548844	19618278
8100	11416	1.0381	7	1.3344	33	1	2.8188	2153397871	2438653
8200	11673	1.0392	10	1.3456	35	1	2.8471	2177777878	21959401
8300	11507	1.0362	6	1.3242	23	1	2.7728	2201926346	2472827
8400	11786	1.0375	7	1.3357	37	1	2.8062	2227654121	3018463
8500	11889	1.0371	7	1.3284	27	1	2.7974	2254702018	2488955
8600	12148	1.0381	6	1.338	22	1	2.8251	2286119217	2334979
8700	12109	1.0364	7	1.3285	29	1	2.7837	2357762104	4847357
8800	12329	1.0371	8	1.3307	25	1	2.802	2415596706	2449789
8900	12471	1.0371	7	1.3321	29	1	2.8025	2459043982	2567670
9000	12659	1.0375	8	1.3344	30	1	2.8131	2483552238	2854119
9100	12733	1.0368	7	1.3304	30	1	2.7985	2526794853	2497403
9200	13013	1.038	9	1.3417	30	1	2.8289	2553405781	2553079
9300	13124	1.0377	6	1.3371	34	1	2.8224	2646662487	3127896
9400	13094	1.0362	7	1.3303	27	1	2.786	2725574873	2600693
9500	13213	1.036	7	1.3266	27	1	2.7817	2786339238	76054811
9600	13398	1.0364	7	1.3252	23	1	2.7913	2812495919	2612596
9700	13621	1.037	7	1.3329	29	1	2.8085	2886971038	19628646
9800	13900	1.038	7	1.3411	36	1	2.8367	2941642801	45991139
9900	13951	1.0373	7	1.3384	30	1	2.8184	3011550868	7402740
10000	13953	1.0362	7	1.329	28	1	2.7906	3044776610	2777707
Done in 3044776610 ns
Start computing the 2th graph now

Nodes	Edges	Alpha	Max_Dep	Average_Dep	Max_Deg	Min_Deg	Avg_Deg	Graph_Time	Analysis_time	Diameter
100	149	1.0866	6	1.38	10	1	2.98	389739	68732
200	271	1.0573	6	1.325	11	1	2.71	1123140	87164
300	431	1.0635	4	1.3633	23	1	2.8733	2484347	99835
400	561	1.0565	7	1.345	15	1	2.805	3984555	121337
500	693	1.0525	5	1.304	18	1	2.772	5907140	3558722
600	866	1.0574	6	1.355	20	1	2.8867	8242887	193142
700	972	1.0501	5	1.3329	17	1	2.7771	14807400	270705
800	1149	1.0542	5	1.3625	18	1	2.8725	16979188	396651
900	1240	1.0471	6	1.3189	22	1	2.7556	19361396	253810
1000	1357	1.0442	6	1.293	19	1	2.714	28153757	5216745
1100	1515	1.0457	5	1.31	21	1	2.7545	31130366	413930
1200	1663	1.046	6	1.3283	19	1	2.7717	34327763	429289
1300	1822	1.0471	5	1.3331	25	1	2.8031	38283136	370156
1400	1948	1.0456	6	1.3179	18	1	2.7829	43486057	747992
1500	2107	1.0465	6	1.3313	23	1	2.8093	48447839	443880
1600	2180	1.0419	6	1.3081	20	1	2.725	52158617	439656
1700	2426	1.0478	5	1.3476	26	1	2.8541	56305211	256115
1800	2486	1.0431	7	1.3122	23	1	2.7622	73350827	489958
1900	2640	1.0436	6	1.3232	28	1	2.7789	80566569	467303
2000	2831	1.0457	6	1.3405	25	1	2.831	85253422	349805
2100	2917	1.043	7	1.3171	22	1	2.7781	90061228	314479
2200	3003	1.0404	5	1.3105	18	1	2.73	96035564	995659
2300	3209	1.043	6	1.3222	24	1	2.7904	102738309	384363
2400	3345	1.0427	5	1.325	24	1	2.7875	111074887	505317
2500	3533	1.0442	6	1.3464	27	1	2.8264	117185536	443112
2600	3645	1.043	6	1.3254	18	1	2.8038	123634855	501477
2700	3858	1.0452	6	1.35	24	1	2.8578	130172489	481510
2800	3996	1.0448	7	1.3511	24	1	2.8543	138308630	959948
2900	4174	1.0457	6	1.3576	27	1	2.8786	145345822	560610
3000	4209	1.0423	5	1.3343	23	1	2.806	152566171	589409
3100	4392	1.0433	6	1.3406	25	1	2.8335	173277639	613599
3200	4522	1.0428	7	1.3331	23	1	2.8263	181833853	553315
3300	4527	1.039	7	1.3076	19	1	2.7436	189904717	577889
3400	4717	1.0403	7	1.3153	21	1	2.7747	204866477	1715621
3500	4798	1.0387	7	1.3094	20	1	2.7417	218118376	879697
3600	5088	1.0422	6	1.3394	34	1	2.8267	227225985	726105
3700	5201	1.0414	7	1.3343	20	1	2.8114	236636937	765271
3800	5283	1.04	6	1.3208	22	1	2.7805	246337794	1236798
3900	5453	1.0405	7	1.3318	20	1	2.7964	258743019	876242
4000	5598	1.0405	8	1.3345	21	1	2.799	269519018	846291
4100	5648	1.0385	6	1.3141	25	1	2.7551	279922557	5219432
4200	5976	1.0423	6	1.3452	23	1	2.8457	293725466	948429
4300	6094	1.0417	8	1.3458	25	1	2.8344	314084825	1184961
4400	6164	1.0402	6	1.3293	24	1	2.8018	328186854	1043656
4500	6357	1.0411	6	1.3378	29	1	2.8253	340056427	1024073
4600	6495	1.0409	8	1.3396	26	1	2.8239	351820406	1712164
4700	6668	1.0414	7	1.3398	26	1	2.8374	365978113	1136196
4800	6682	1.039	7	1.3292	28	1	2.7842	378297709	1158082
4900	6860	1.0396	6	1.3278	22	1	2.8	391022404	1854237
5000	6890	1.0376	6	1.3106	27	1	2.756	413293981	1294011
5100	7101	1.0388	7	1.321	24	1	2.7847	429975969	1255613
5200	7358	1.0406	6	1.3388	37	1	2.83	444397853	2705903
5300	7376	1.0385	8	1.3206	24	1	2.7834	459415673	1245630
5400	7571	1.0393	6	1.3335	25	1	2.8041	474879677	1283259
5500	7725	1.0394	7	1.3311	24	1	2.8091	488956364	1773217
5600	7843	1.039	6	1.3282	31	1	2.8011	503858991	1659175
5700	8022	1.0395	8	1.3326	30	1	2.8147	522765371	1499440
5800	7986	1.0369	7	1.3128	24	1	2.7538	538322683	1499439
5900	8296	1.0393	7	1.3329	22	1	2.8122	562208893	2278150
6000	8526	1.0404	8	1.3452	37	1	2.842	593146885	1484465
6100	8503	1.0381	6	1.328	24	1	2.7879	666495408	1681446
6200	8708	1.0389	8	1.326	35	1	2.809	684436848	15848369
6300	8780	1.0379	8	1.3238	22	1	2.7873	757139518	2035091
6400	8957	1.0384	7	1.3261	26	1	2.7991	785454931	27623098
6500	9054	1.0377	7	1.3292	30	1	2.7858	820886635	1688357
6600	9244	1.0383	7	1.3314	29	1	2.8012	882814841	2004373
6700	9345	1.0378	8	1.3299	32	1	2.7896	904574957	1667239
6800	9498	1.0379	9	1.3309	23	1	2.7935	927508130	1625001
6900	9712	1.0387	7	1.3325	30	1	2.8151	946781978	2072337
7000	9731	1.0372	6	1.3234	24	1	2.7803	998029796	2354562
7100	9960	1.0382	7	1.3323	29	1	2.8056	1017914940	1807391
7200	10220	1.0394	9	1.3453	27	1	2.8389	1041803838	2965090
7300	10229	1.0379	8	1.3333	27	1	2.8025	1073755537	2583030
7400	10489	1.0392	6	1.3454	27	1	2.8349	1142883358	21568126
7500	10438	1.037	7	1.3188	24	1	2.7835	1172631783	1086277
7600	10741	1.0387	7	1.3383	24	1	2.8266	1231568022	2662129
7700	10871	1.0385	6	1.3388	27	1	2.8236	1285446483	2068881
7800	10962	1.038	7	1.3351	26	1	2.8108	1306884056	2434429
7900	10952	1.0364	6	1.3205	28	1	2.7727	1331064778	2159501
8000	11210	1.0375	7	1.3313	23	1	2.8025	1362715821	2207114
8100	11414	1.0381	6	1.3372	28	1	2.8183	1441732649	3950380
8200	11498	1.0375	7	1.3313	26	1	2.8044	1467293778	3721912
8300	11520	1.0363	7	1.3254	27	1	2.7759	1489705507	2211721
8400	11715	1.0368	6	1.3269	28	1	2.7893	1524265962	3439304
8500	12027	1.0384	6	1.3424	36	1	2.8299	1550570859	2403711
8600	11837	1.0353	6	1.3169	22	1	2.7528	1574018948	7249532
8700	12247	1.0377	6	1.3346	31	1	2.8154	1609019060	2696687
8800	12344	1.0373	8	1.3301	24	1	2.8055	1646779983	2639091
8900	12410	1.0366	6	1.3264	29	1	2.7888	1672311929	2594165
9000	12786	1.0386	7	1.3442	27	1	2.8413	1742303704	4681094
9100	12796	1.0374	7	1.3326	33	1	2.8123	1866972234	3523011
9200	12886	1.0369	7	1.3305	30	1	2.8013	1943954739	3670460
9300	12913	1.0359	6	1.321	23	1	2.777	2029503057	5398367
9400	13104	1.0363	8	1.3269	34	1	2.7881	2058369097	2658289
9500	13354	1.0372	6	1.3316	36	1	2.8114	2092502183	2771180
9600	13437	1.0367	6	1.3294	27	1	2.7994	2132416079	4739075
9700	13634	1.0371	7	1.3365	24	1	2.8111	2184661092	3587136
9800	13387	1.0339	6	1.304	32	1	2.732	2254194779	6252337
9900	13896	1.0369	9	1.3368	28	1	2.8073	2346202017	5062001
10000	13978	1.0364	9	1.3258	24	1	2.7956	2427903246	4288283
Done in 2427903246 ns
Start computing the 3th graph now

Nodes	Edges	Alpha	Max_Dep	Average_Dep	Max_Deg	Min_Deg	Avg_Deg	Graph_Time	Analysis_time	Diameter
100	144	1.0792	5	1.4	10	1	2.88	345198	37630
200	276	1.0608	4	1.295	16	1	2.76	758360	34942
300	410	1.0548	5	1.3033	13	1	2.7333	1375415	41470
400	574	1.0603	6	1.3475	18	1	2.87	2332676	87163
500	681	1.0497	6	1.29	16	1	2.724	3379020	58749
600	865	1.0572	5	1.3583	18	1	2.8833	4767106	107130
700	971	1.05	5	1.31	24	1	2.7743	7400438	153976
800	1133	1.0521	6	1.34	19	1	2.8325	30841616	332526
900	1241	1.0472	5	1.3167	22	1	2.7578	56309438	191989
1000	1455	1.0543	5	1.365	18	1	2.91	61232823	175478
1100	1540	1.048	6	1.3255	24	1	2.8	63793198	133241
1200	1672	1.0468	5	1.3233	19	1	2.7867	66585497	186998
1300	1834	1.048	6	1.3323	19	1	2.8215	69622006	266482
1400	1950	1.0457	5	1.3243	18	1	2.7857	72953028	519908
1500	2165	1.0502	7	1.3607	21	1	2.8867	76556291	261490
1600	2261	1.0469	5	1.3513	24	1	2.8263	80532014	301808
1700	2369	1.0446	6	1.3241	20	1	2.7871	84858310	14954464
1800	2514	1.0446	6	1.3361	17	1	2.7933	115611992	1429555
1900	2727	1.0479	7	1.3542	24	1	2.8705	124374787	481894
2000	2721	1.0405	5	1.2895	24	1	2.721	129643753	504933
2100	2931	1.0436	6	1.3257	27	1	2.7914	135135043	503781
2200	3000	1.0403	6	1.2991	30	1	2.7273	161749811	608608
2300	3259	1.045	6	1.337	20	1	2.8339	194905669	1327417
2400	3288	1.0404	6	1.3104	20	1	2.74	206225383	656989
2500	3549	1.0448	6	1.3432	28	1	2.8392	218118763	699995
2600	3651	1.0432	7	1.3331	25	1	2.8085	256398059	35099178
2700	3807	1.0435	5	1.3381	25	1	2.82	263824606	523364
2800	3828	1.0394	6	1.315	19	1	2.7343	276309314	247283
2900	4098	1.0434	6	1.34	26	1	2.8262	283157971	530660
3000	4295	1.0448	7	1.3453	25	1	2.8633	294782949	1674918
3100	4331	1.0416	6	1.3265	23	1	2.7942	396266799	524132
3200	4438	1.0405	5	1.3184	25	1	2.7738	403986322	573665
3300	4681	1.0432	7	1.3436	30	1	2.837	412132830	577889
3400	4715	1.0402	6	1.3156	27	1	2.7735	456185257	1672999
3500	5000	1.0437	8	1.3457	24	1	2.8571	481657686	755288
3600	5138	1.0434	6	1.345	25	1	2.8544	491749434	764119
3700	5187	1.0411	6	1.3292	24	1	2.8038	554803468	1719460
3800	5298	1.0403	6	1.3239	30	1	2.7884	565391318	774102
3900	5476	1.041	6	1.3405	22	1	2.8082	575251526	781398
4000	5648	1.0416	8	1.3415	26	1	2.824	596466391	12532705
4100	5777	1.0412	6	1.3368	25	1	2.818	606829612	978764
4200	5950	1.0417	7	1.3407	34	1	2.8333	632356182	2324996
4300	5993	1.0397	7	1.3221	31	1	2.7874	691442941	1012938
4400	6221	1.0413	6	1.3373	32	1	2.8277	702340662	986827
4500	6412	1.0421	8	1.3444	38	1	2.8498	715629807	1134659
4600	6275	1.0368	6	1.3043	25	1	2.7283	726764443	1292859
4700	6612	1.0404	6	1.3309	23	1	2.8136	739231104	2070034
4800	6626	1.038	7	1.3179	22	1	2.7608	810019636	1540526
4900	6824	1.039	6	1.3218	24	1	2.7853	824914199	36023417
5000	7033	1.0401	6	1.3354	30	1	2.8132	844281739	1515183
5100	7184	1.0401	6	1.3396	34	1	2.8173	884082362	2589558
5200	7276	1.0393	6	1.3288	25	1	2.7985	898861347	1343928
5300	7465	1.0399	7	1.3355	26	1	2.817	913134631	6577184
5400	7587	1.0396	8	1.3306	28	1	2.81	928164738	1378870
5500	7675	1.0387	7	1.3304	20	1	2.7909	942390025	1380790
5600	7963	1.0408	9	1.3454	29	1	2.8439	957688534	1528238
5700	8076	1.0403	7	1.3416	22	1	2.8337	1026713449	1659560
5800	8093	1.0384	6	1.3209	29	1	2.7907	1043833941	1651880
5900	8454	1.0414	7	1.3471	25	1	2.8658	1060793930	33330953
6000	8480	1.0398	9	1.3393	25	1	2.8267	1076938346	1576235
6100	8631	1.0398	7	1.3372	25	1	2.8298	1141799004	2238216
6200	8689	1.0387	6	1.3289	26	1	2.8029	1158722514	1880348
6300	8808	1.0383	6	1.3275	32	1	2.7962	1176777228	1881116
6400	8931	1.038	6	1.3273	35	1	2.7909	1233052873	7761376
6500	9075	1.038	6	1.3283	26	1	2.7923	1287669343	1643816
6600	9320	1.0392	8	1.3341	30	1	2.8242	1311196149	36444642
6700	9427	1.0388	6	1.3327	33	1	2.814	1409267573	2232841
6800	9507	1.038	7	1.3297	24	1	2.7962	1478085907	1750562
6900	9702	1.0386	8	1.3343	31	1	2.8122	1506563743	1831198
7000	9747	1.0374	6	1.3296	22	1	2.7849	1572997564	2055058
7100	9985	1.0385	7	1.3373	27	1	2.8127	1594788782	1807775
7200	10025	1.0373	6	1.3251	32	1	2.7847	1615276773	1968663
7300	10359	1.0393	6	1.3456	26	1	2.8381	1642290495	1959063
7400	10474	1.039	8	1.3403	36	1	2.8308	1671512483	3123673
7500	10408	1.0367	7	1.3227	29	1	2.7755	1700444183	2141838
7600	10599	1.0372	6	1.3232	27	1	2.7892	1736884985	2056594
7700	10813	1.0379	6	1.3355	23	1	2.8086	1760649473	2100368
7800	10989	1.0382	6	1.3358	24	1	2.8177	1820809071	2021268
7900	11110	1.038	7	1.3349	26	1	2.8127	1888142172	2586870
8000	11301	1.0384	6	1.3395	24	1	2.8253	1936394567	4704517
8100	11349	1.0375	8	1.3337	27	1	2.8022	2025770393	2277383
8200	11382	1.0364	7	1.3206	28	1	2.7761	2138983664	3594048
8300	11697	1.038	7	1.3327	34	1	2.8186	2178351542	4835838
8400	11803	1.0376	6	1.3365	24	1	2.8102	2204658743	2447101
8500	11922	1.0374	8	1.3291	27	1	2.8052	2227164547	5987391
8600	12076	1.0375	7	1.3357	29	1	2.8084	2255031088	2285830
8700	12273	1.0379	9	1.3421	28	1	2.8214	2285008364	2614132
8800	12355	1.0374	6	1.3295	31	1	2.808	2309014376	2717039
8900	12403	1.0365	8	1.3292	28	1	2.7872	2438092909	2406015
9000	12535	1.0364	7	1.3283	25	1	2.7856	2462131559	2409855
9100	12613	1.0358	9	1.3197	28	1	2.7721	2489523118	2453628
9200	12992	1.0378	8	1.337	30	1	2.8243	2522591429	2599157
9300	12924	1.036	7	1.3229	27	1	2.7794	2554245543	2935523
9400	13231	1.0374	8	1.3343	42	1	2.8151	2584559185	3119065
9500	13422	1.0377	6	1.3411	26	1	2.8257	2610472806	2569590
9600	13353	1.036	8	1.3235	25	1	2.7819	2702829465	2707824
9700	13553	1.0364	7	1.3244	23	1	2.7944	2732181239	2690928
9800	13760	1.0369	6	1.3305	27	1	2.8082	2810142508	36913097
9900	13894	1.0368	6	1.3255	22	1	2.8069	2847448032	3451592
10000	14093	1.0373	6	1.3333	25	1	2.8186	2877098541	2907493
Done in 2877098541 ns
Start computing the 4th graph now

Nodes	Edges	Alpha	Max_Dep	Average_Dep	Max_Deg	Min_Deg	Avg_Deg	Graph_Time	Analysis_time	Diameter
100	128	1.0536	3	1.25	10	1	2.56	191989	41086
200	288	1.0688	5	1.36	11	1	2.88	646237	45694
300	437	1.0659	7	1.3767	17	1	2.9133	1322424	41470
400	571	1.0594	5	1.3575	12	1	2.855	2622962	58749
500	673	1.0478	5	1.294	13	1	2.692	3693113	81403
600	837	1.052	6	1.3267	15	1	2.79	5013618	67196
700	930	1.0434	5	1.2686	16	1	2.6571	6513058	142840
800	1153	1.0547	6	1.3463	22	1	2.8825	8431419	117882
900	1300	1.0541	6	1.3556	21	1	2.8889	11634960	151288
1000	1406	1.0493	5	1.331	16	1	2.812	15442116	359789
1100	1586	1.0522	7	1.3527	19	1	2.8836	18561565	126760066
1200	1707	1.0497	7	1.3467	21	1	2.845	21330825	204661
1300	1839	1.0484	5	1.3346	22	1	2.8292	24800464	265330
1400	2010	1.0499	5	1.3493	23	1	2.8714	28168347	251891
1500	2103	1.0462	5	1.3253	23	1	2.804	32053068	280689
1600	2277	1.0478	6	1.3444	16	1	2.8463	36194287	255730
1700	2395	1.0461	6	1.3394	21	1	2.8176	40374287	303728
1800	2476	1.0425	5	1.3089	20	1	2.7511	45802988	342126
1900	2664	1.0448	5	1.3253	18	1	2.8042	70021724	19244666
2000	2790	1.0438	6	1.3295	18	1	2.79	79576285	733401
2100	2991	1.0462	6	1.3376	23	1	2.8486	93441399	1012938
2200	3148	1.0466	6	1.3532	31	1	2.8618	126846460	642398
2300	3200	1.0427	6	1.3322	22	1	2.7826	141558633	709210
2400	3411	1.0452	6	1.3471	23	1	2.8425	215923550	1346232
2500	3630	1.0477	7	1.3616	26	1	2.904	230732102	625119
2600	3603	1.0415	5	1.3231	22	1	2.7715	283084629	3045341
2700	3826	1.0441	7	1.3452	26	1	2.8341	291823233	1134659
2800	3918	1.0423	6	1.3318	18	1	2.7986	314273744	875089
2900	4067	1.0424	6	1.3324	26	1	2.8048	327471886	830548
3000	4118	1.0396	6	1.3083	30	1	2.7453	342003205	890832
3100	4349	1.0421	6	1.3374	22	1	2.8058	352239713	863186
3200	4470	1.0414	6	1.33	25	1	2.7938	401887488	899280
3300	4603	1.0411	6	1.3179	22	1	2.7897	412011106	937678
3400	4715	1.0402	7	1.3288	22	1	2.7735	421465065	1237566
3500	4892	1.041	7	1.3277	20	1	2.7954	435946850	360173
3600	5060	1.0416	6	1.3272	30	1	2.8111	446624550	1722148
3700	5213	1.0417	7	1.3327	21	1	2.8178	458183100	28692097
3800	5319	1.0408	7	1.3287	20	1	2.7995	468239522	827476
3900	5389	1.0391	6	1.3233	22	1	2.7636	478460671	886609
4000	5561	1.0397	6	1.3208	32	1	2.7805	495963607	36242285
4100	5763	1.0409	7	1.3373	26	1	2.8112	528900596	1141187
4200	5864	1.04	6	1.3243	26	1	2.7924	581782631	1177665
4300	6128	1.0423	8	1.343	27	1	2.8502	595408526	1038664
4400	6157	1.04	6	1.3309	22	1	2.7986	626613000	1107397
4500	6394	1.0418	5	1.3431	23	1	2.8418	642046670	3688506
4600	6351	1.0382	6	1.3152	27	1	2.7613	653658977	1584684
4700	6439	1.0372	6	1.3087	22	1	2.74	672249727	1859997
4800	6702	1.0394	7	1.3258	24	1	2.7925	721867169	1378487
4900	6902	1.0403	7	1.3355	25	1	2.8171	734435969	1226815
5000	6950	1.0387	7	1.3252	22	1	2.78	747858738	2038931
5100	7202	1.0404	7	1.3384	24	1	2.8243	764365631	3015391
5200	7351	1.0405	7	1.3421	23	1	2.8273	777807216	1277499
5300	7472	1.0401	7	1.3383	27	1	2.8196	792633815	1269052
5400	7668	1.0408	8	1.3448	24	1	2.84	811162744	2187147
5500	7718	1.0393	6	1.3296	27	1	2.8065	847544029	1851933
5600	7834	1.0389	7	1.3307	26	1	2.7979	862976163	1370806
5700	8042	1.0398	6	1.3446	21	1	2.8218	877793162	1898394
5800	8238	1.0405	6	1.3491	28	1	2.8407	892839397	1394997
5900	8245	1.0385	8	1.3275	23	1	2.7949	933099259	6490405
6000	8424	1.039	6	1.3355	26	1	2.808	949198366	30080950
6100	8527	1.0384	8	1.3346	29	1	2.7957	964946516	1460657
6200	8599	1.0375	8	1.3184	40	1	2.7739	1034263640	2287750
6300	8808	1.0383	7	1.3287	24	1	2.7962	1054923654	4369302
6400	8936	1.0381	6	1.3272	20	1	2.7925	1136965473	1613865
6500	9150	1.0389	9	1.3363	28	1	2.8154	1182710865	1642664
6600	9406	1.0403	7	1.3445	26	1	2.8503	1243406882	17679566
6700	9507	1.0397	7	1.3428	40	1	2.8379	1303068074	1669926
6800	9453	1.0373	7	1.3274	23	1	2.7803	1322926340	2028564
6900	9610	1.0375	7	1.323	24	1	2.7855	1348268600	1718693
7000	10000	1.0403	7	1.3517	27	1	2.8571	1368323463	1821983
7100	10037	1.039	9	1.3389	22	1	2.8273	1408325291	2210570
7200	9991	1.0369	7	1.3217	30	1	2.7753	1436695230	2226697
7300	10124	1.0368	8	1.3251	28	1	2.7737	1489243587	2036627
7400	10476	1.039	7	1.3427	23	1	2.8314	1537879960	23161257
7500	10545	1.0382	7	1.3323	27	1	2.812	1568543407	2394880
7600	10760	1.0389	7	1.3443	29	1	2.8316	1599834661	2367617
7700	10821	1.038	6	1.33	24	1	2.8106	1679397508	2265863
7800	10988	1.0382	7	1.3332	31	1	2.8174	1705060391	2075409
7900	11203	1.0389	7	1.3442	29	1	2.8362	1773194090	2321156
8000	11259	1.038	8	1.3323	25	1	2.8148	1811984079	2458621
8100	11230	1.0363	7	1.3193	27	1	2.7728	1885983832	4316697
8200	11519	1.0377	8	1.3337	31	1	2.8095	1944731153	2270086
8300	11626	1.0373	6	1.332	34	1	2.8014	1969865680	5817673
8400	11773	1.0374	8	1.3302	28	1	2.8031	1996283851	4756737
8500	11982	1.0379	6	1.3433	28	1	2.8193	2040992883	4598154
8600	12096	1.0377	7	1.3348	28	1	2.813	2116548904	2477819
8700	12302	1.0382	9	1.3451	36	1	2.828	2189998030	2542328
8800	12438	1.0381	6	1.3399	29	1	2.8268	2280743127	7582442
8900	12496	1.0373	8	1.3326	24	1	2.8081	2325655284	2501626
9000	12454	1.0357	6	1.3226	36	1	2.7676	2392487293	2518522
9100	12807	1.0375	7	1.3352	31	1	2.8147	2422118988	2575350
9200	13087	1.0386	7	1.3424	31	1	2.845	2451613986	2500090
9300	13081	1.0373	6	1.3374	27	1	2.8131	2572525661	30904971
9400	13105	1.0363	6	1.3234	26	1	2.7883	2632886847	27996710
9500	13469	1.0381	6	1.3435	23	1	2.8356	2698747771	3085658
9600	13293	1.0355	7	1.3202	42	1	2.7694	2754193637	2642546
9700	13532	1.0363	6	1.3288	24	1	2.7901	2790715075	2603381
9800	13807	1.0373	9	1.3338	35	1	2.8178	2824407352	4106276
9900	13916	1.037	7	1.3359	26	1	2.8113	2902056445	8321219
10000	14020	1.0367	6	1.3326	28	1	2.804	3019006219	14052880
Done in 3019006219 ns
Start computing the 5th graph now

Nodes	Edges	Alpha	Max_Dep	Average_Dep	Max_Deg	Min_Deg	Avg_Deg	Graph_Time	Analysis_time	Diameter
100	139	1.0715	4	1.31	11	1	2.78	213108	35326
200	299	1.0759	5	1.395	18	1	2.99	675419	65277
300	394	1.0478	3	1.2733	13	1	2.6267	1285178	58365
400	568	1.0585	4	1.3625	16	1	2.84	2276229	59133
500	690	1.0518	6	1.31	22	1	2.76	3377099	452328
600	847	1.0539	5	1.335	17	1	2.8233	4757889	85628
700	999	1.0543	5	1.3629	20	1	2.8543	6492324	107131
800	1099	1.0475	5	1.3025	18	1	2.7475	8227528	91003
900	1262	1.0497	6	1.3278	18	1	2.8044	10456528	156664
1000	1437	1.0525	7	1.338	25	1	2.874	13428145	177399
1100	1536	1.0477	6	1.3227	23	1	2.7927	49804823	262258
1200	1682	1.0476	7	1.34	21	1	2.8033	53373144	219637
1300	1787	1.0444	7	1.3146	25	1	2.7492	56319418	198902
1400	1946	1.0455	7	1.3243	18	1	2.78	83568904	353261
1500	2044	1.0423	7	1.3067	22	1	2.7253	87052749	269170
1600	2267	1.0472	6	1.3356	24	1	2.8338	91239277	249971
1700	2424	1.0477	5	1.3541	27	1	2.8518	95590148	284913
1800	2559	1.0469	7	1.3444	24	1	2.8433	99895326	880849
1900	2724	1.0477	5	1.3553	21	1	2.8674	104587939	350957
2000	2777	1.0432	6	1.3235	22	1	2.777	109682962	405867
2100	2990	1.0462	6	1.349	26	1	2.8476	115377761	391659
2200	3112	1.0451	8	1.3414	19	1	2.8291	121211177	448488
2300	3254	1.0448	6	1.347	19	1	2.8296	126926327	945357
2400	3301	1.041	6	1.3121	21	1	2.7508	132753215	491878
2500	3525	1.0439	6	1.3412	21	1	2.82	139891009	502245
2600	3679	1.0441	6	1.3419	19	1	2.83	148425336	1482545
2700	3766	1.0421	7	1.3385	19	1	2.7896	157656202	1347384
2800	3909	1.042	6	1.3286	20	1	2.7921	198204432	652381
2900	4093	1.0432	6	1.3366	24	1	2.8228	242799806	871633
3000	4193	1.0418	7	1.3307	21	1	2.7953	297651655	4611977
3100	4317	1.0412	6	1.321	24	1	2.7852	309248602	824404
3200	4495	1.0421	5	1.3344	19	1	2.8094	356843624	747224
3300	4605	1.0411	6	1.3282	19	1	2.7909	369412424	1862301
3400	4789	1.0421	5	1.3315	27	1	2.8171	394362257	1081286
3500	4878	1.0407	6	1.3269	24	1	2.7874	406814327	1304378
3600	5102	1.0426	6	1.3433	24	1	2.8344	420996225	1155779
3700	5273	1.0431	7	1.34	23	1	2.8503	441974174	1045576
3800	5294	1.0402	6	1.3211	29	1	2.7863	454658936	4079014
3900	5460	1.0407	7	1.3313	21	1	2.8	532150981	1149251
4000	5618	1.041	8	1.3283	22	1	2.809	547731331	1719460
4100	5847	1.0427	7	1.3515	24	1	2.8522	581529203	815572
4200	5861	1.0399	7	1.3286	19	1	2.791	594101842	1214911
4300	5981	1.0394	6	1.3253	28	1	2.7819	607747320	2034323
4400	6228	1.0414	6	1.34	22	1	2.8309	620847163	1319353
4500	6252	1.0391	7	1.3307	25	1	2.7787	632997809	1170754
4600	6472	1.0405	6	1.3391	25	1	2.8139	653292659	1199552
4700	6665	1.0413	6	1.3413	29	1	2.8362	668916783	1843101
4800	6714	1.0396	6	1.33	23	1	2.7975	682872901	1643048
4900	6844	1.0393	7	1.3271	26	1	2.7935	696203900	1451826
5000	6966	1.0389	6	1.3236	32	1	2.7864	727507058	4099365
5100	7121	1.0391	7	1.328	34	1	2.7925	803153698	1360439
5200	7333	1.0402	6	1.3387	23	1	2.8204	821115873	2187531
5300	7441	1.0396	6	1.3334	31	1	2.8079	872520738	8875685
5400	7598	1.0397	6	1.3326	27	1	2.8141	888807227	4102052
5500	7687	1.0389	7	1.3271	22	1	2.7953	959064332	1952536
5600	7794	1.0383	7	1.3246	30	1	2.7836	973849461	1364663
5700	8027	1.0396	7	1.3344	24	1	2.8165	989708196	1619242
5800	8122	1.0389	7	1.3284	22	1	2.8007	1005089646	2246280
5900	8277	1.039	7	1.3325	28	1	2.8058	1045386754	1950231
6000	8443	1.0393	6	1.3307	27	1	2.8143	1062237309	1760929
6100	8504	1.0381	6	1.3243	23	1	2.7882	1078442778	2156813
6200	8782	1.0399	7	1.3442	27	1	2.8329	1098716125	1984790
6300	8760	1.0377	6	1.3211	31	1	2.781	1157729928	2172171
6400	8933	1.038	8	1.327	27	1	2.7916	1228530748	1569708
6500	9073	1.038	6	1.3303	21	1	2.7917	1279161895	1859996
6600	9237	1.0382	8	1.3311	27	1	2.7991	1351019427	2051987
6700	9470	1.0393	7	1.3409	20	1	2.8269	1389428892	1930265
6800	9550	1.0385	7	1.3325	25	1	2.8088	1414950470	2611060
6900	9745	1.0391	8	1.3358	27	1	2.8246	1477419704	1927193
7000	9687	1.0367	6	1.3203	23	1	2.7677	1499284262	2377601
7100	9974	1.0383	8	1.3314	26	1	2.8096	1540605443	2528504
7200	10089	1.038	7	1.3306	27	1	2.8025	1598571366	2128398
7300	10299	1.0387	7	1.3403	28	1	2.8216	1657164711	48100723
7400	10405	1.0383	6	1.3341	33	1	2.8122	1699569482	1974806
7500	10588	1.0386	8	1.3411	24	1	2.8235	1724407193	2634483
7600	10587	1.0371	9	1.3214	24	1	2.7861	1777709301	3660092
7700	10719	1.037	6	1.3213	25	1	2.7842	1800374840	2204042
7800	10965	1.038	7	1.3295	30	1	2.8115	1865089969	2412159
7900	11079	1.0377	7	1.3276	25	1	2.8048	1925393942	6251186
8000	11265	1.0381	6	1.336	26	1	2.8163	1958194619	2247816
8100	11300	1.037	6	1.326	30	1	2.7901	2061690906	5103471
8200	11495	1.0375	7	1.3312	29	1	2.8037	2132083172	2490107
8300	11709	1.0381	7	1.3382	29	1	2.8214	2192897454	1001803
8400	11863	1.0382	7	1.3401	27	1	2.8245	2225559514	2386048
8500	11910	1.0373	7	1.3298	25	1	2.8024	2273460951	12969674
8600	12103	1.0377	7	1.3373	30	1	2.8147	2327888503	2386048
8700	12299	1.0382	6	1.3378	29	1	2.8274	2365389088	2575734
8800	12360	1.0374	7	1.3297	29	1	2.8091	2451659672	2634099
8900	12620	1.0384	8	1.3426	31	1	2.836	2536081779	2619124
9000	12713	1.0379	8	1.3423	24	1	2.8251	2577782716	20827046
9100	12786	1.0373	7	1.3358	33	1	2.8101	2602623499	2660209
9200	12959	1.0375	7	1.334	39	1	2.8172	2666203585	3818292
9300	12960	1.0363	7	1.3252	24	1	2.7871	2733812383	2608756
9400	13209	1.0372	6	1.3327	28	1	2.8104	2803676293	12702808
9500	13421	1.0377	9	1.3401	28	1	2.8255	2872864783	7889242
9600	13503	1.0372	6	1.3364	28	1	2.8131	2926115822	16839035
9700	13719	1.0378	7	1.3398	25	1	2.8287	2954867436	15608765
9800	13646	1.036	6	1.3218	28	1	2.7849	2986220894	3114073
9900	13999	1.0377	7	1.3387	30	1	2.8281	3027345094	2774251
10000	14089	1.0372	7	1.3357	24	1	2.8178	3060740939	3849010
Done in 3060740939 ns
Start computing the 6th graph now

Nodes	Edges	Alpha	Max_Dep	Average_Dep	Max_Deg	Min_Deg	Avg_Deg	Graph_Time	Analysis_time	Diameter
100	168	1.1127	4	1.48	13	1	3.36	277234	70268
200	259	1.0488	4	1.255	11	1	2.59	667741	31870
300	441	1.0675	5	1.3833	14	1	2.94	1375415	36094
400	584	1.0632	6	1.365	16	1	2.92	26413563	82171
500	677	1.0488	5	1.292	16	1	2.708	27886124	55677
600	832	1.0511	5	1.33	16	1	2.7733	29182055	66428
700	1036	1.0598	7	1.39	19	1	2.96	30869260	68349
800	1090	1.0463	5	1.295	17	1	2.725	32655916	93691
900	1219	1.0446	7	1.29	20	1	2.7089	35031981	158200
1000	1369	1.0455	5	1.299	16	1	2.738	37605796	129786
1100	1539	1.048	5	1.3191	13	1	2.7982	40159260	137849
1200	1628	1.043	6	1.305	20	1	2.7133	42914312	213877
1300	1752	1.0416	6	1.2885	18	1	2.6954	45748081	179702
1400	1906	1.0426	5	1.3007	17	1	2.7229	49292595	207349
1500	2078	1.0446	6	1.3187	20	1	2.7707	55600225	279537
1600	2266	1.0472	6	1.3413	24	1	2.8325	61322287	520292
1700	2346	1.0433	7	1.3171	17	1	2.76	68135235	268018
1800	2519	1.0448	6	1.3367	25	1	2.7989	72502617	289136
1900	2674	1.0453	6	1.3253	25	1	2.8147	76993257	268401
2000	2817	1.0451	6	1.35	21	1	2.817	81697774	341742
2100	2997	1.0465	5	1.351	20	1	2.8543	86750944	382828
2200	3086	1.044	6	1.3314	28	1	2.8055	96223334	1117764
2300	3241	1.0443	6	1.3165	19	1	2.8183	104711583	420458
2400	3401	1.0448	8	1.3392	23	1	2.8342	110948562	484966
2500	3483	1.0424	6	1.32	20	1	2.7864	116850711	461928
2600	3588	1.041	6	1.3185	22	1	2.76	123424055	526820
2700	3759	1.0419	6	1.32	22	1	2.7844	180227288	654685
2800	3951	1.0434	6	1.3321	21	1	2.8221	187099753	925774
2900	4092	1.0432	7	1.3386	28	1	2.8221	194264042	637405
3000	4223	1.0427	7	1.336	23	1	2.8153	205431316	1063623
3100	4340	1.0419	5	1.3329	22	1	2.8	213263729	613983
3200	4439	1.0406	8	1.3194	22	1	2.7744	221430588	559074
3300	4602	1.041	7	1.3273	21	1	2.7891	229887352	600544
3400	4778	1.0418	6	1.3344	30	1	2.8106	262746010	1180737
3500	4880	1.0407	6	1.3314	21	1	2.7886	307345608	743769
3600	4909	1.0379	6	1.3039	19	1	2.7272	317688478	1419572
3700	5212	1.0417	6	1.3305	21	1	2.8173	329080764	1930265
3800	5355	1.0416	6	1.3374	32	1	2.8184	386386626	843987
3900	5460	1.0407	7	1.3277	26	1	2.8	397121923	920783
4000	5801	1.0448	6	1.3668	25	1	2.9005	413142314	1145411
4100	5795	1.0416	7	1.3468	24	1	2.8268	464039943	1701029
4200	5828	1.0393	5	1.3271	25	1	2.7752	476387570	1164994
4300	5933	1.0385	6	1.32	28	1	2.7595	542279981	1133891
4400	6012	1.0372	6	1.3091	26	1	2.7327	555920083	1747106
4500	6320	1.0404	7	1.3296	23	1	2.8089	638797441	9770741
4600	6443	1.04	6	1.3326	28	1	2.8013	657458075	853970
4700	6645	1.041	6	1.3447	25	1	2.8277	670438117	1164993
4800	6662	1.0387	7	1.3235	32	1	2.7758	704070493	18452517
4900	6831	1.0391	7	1.3229	26	1	2.7882	765449225	1417652
5000	7102	1.0412	7	1.3406	30	1	2.8408	812726311	2745837
5100	7027	1.0375	6	1.3163	24	1	2.7557	833209311	1378102
5200	7345	1.0404	7	1.3363	25	1	2.825	917733556	1384246
5300	7364	1.0384	6	1.3236	23	1	2.7789	964577898	1387702
5400	7592	1.0396	7	1.3359	45	1	2.8119	983118346	1510959
5500	7758	1.0399	8	1.3382	23	1	2.8211	998223330	1693733
5600	7780	1.0381	6	1.3248	24	1	2.7786	1082501445	3959596
5700	8075	1.0403	6	1.3416	25	1	2.8333	1099634608	1695653
5800	8137	1.0391	7	1.3309	30	1	2.8059	1137281489	1573548
5900	8219	1.0382	7	1.3315	29	1	2.7861	1177878485	1707556
6000	8417	1.0389	6	1.3323	31	1	2.8057	1213308269	1658407
6100	8668	1.0403	7	1.3485	32	1	2.842	1230059373	2042003
6200	8706	1.0389	7	1.3335	24	1	2.8084	1247550021	1888411
6300	8969	1.0404	8	1.3452	29	1	2.8473	1286090806	2024724
6400	8902	1.0377	7	1.3267	25	1	2.7819	1303099559	2017812
6500	9075	1.038	8	1.3238	23	1	2.7923	1327080996	1580460
6600	9271	1.0386	7	1.3352	27	1	2.8094	1383470683	16374419
6700	9408	1.0385	6	1.3342	26	1	2.8084	1403483308	1694501
6800	9422	1.037	6	1.3231	25	1	2.7712	1426200301	1881883
6900	9764	1.0393	8	1.3425	22	1	2.8301	1448770614	2099983
7000	9795	1.0379	7	1.3366	25	1	2.7986	1471538292	6134840
7100	10004	1.0387	7	1.3383	22	1	2.818	1492480916	1930649
7200	10240	1.0397	8	1.3482	26	1	2.8444	1512978507	2515065
7300	10177	1.0374	7	1.3249	30	1	2.7882	1547580432	1918361
7400	10335	1.0375	7	1.3247	28	1	2.7932	1573524004	1892635
7500	10531	1.038	6	1.3333	27	1	2.8083	1594384456	2510457
7600	10638	1.0376	7	1.3295	32	1	2.7995	1628291378	2345730
7700	10831	1.0381	8	1.3342	30	1	2.8132	1660152457	3282641
7800	10854	1.0369	7	1.3206	20	1	2.7831	1681530513	2017812
7900	11103	1.0379	8	1.3366	25	1	2.8109	1714384179	2349954
8000	11198	1.0374	6	1.3306	37	1	2.7995	1740967077	2583029
8100	11325	1.0372	8	1.3275	26	1	2.7963	1766947511	2449405
8200	11512	1.0376	6	1.3323	26	1	2.8078	1789441796	2281222
8300	11496	1.0361	6	1.3187	33	1	2.7701	1865044279	2413695
8400	11789	1.0375	9	1.3299	28	1	2.8069	1920390310	2665202
8500	11935	1.0375	8	1.3348	32	1	2.8082	1946626475	2339587
8600	12081	1.0375	8	1.3305	26	1	2.8095	1984182738	1998997
8700	12210	1.0374	6	1.3352	31	1	2.8069	2047158056	23602833
8800	12419	1.0379	7	1.3361	32	1	2.8225	2125665343	2568055
8900	12616	1.0384	8	1.339	35	1	2.8351	2219442726	2619892
9000	12750	1.0383	8	1.3418	25	1	2.8333	2252581689	3612095
9100	12824	1.0376	7	1.3371	27	1	2.8185	2283479364	5419870
9200	12811	1.0363	7	1.3238	30	1	2.785	2349787240	4188832
9300	12998	1.0366	6	1.3312	36	1	2.7953	2385203585	3038429
9400	13256	1.0376	7	1.3377	30	1	2.8204	2465441852	3378635
9500	13379	1.0374	8	1.3383	29	1	2.8166	2504775171	2728942
9600	13388	1.0363	7	1.3261	25	1	2.7892	2555714270	19945813
9700	13528	1.0362	6	1.3268	28	1	2.7893	2604003910	2641395
9800	13697	1.0364	8	1.3235	29	1	2.7953	2755239210	2831465
9900	13741	1.0356	7	1.3189	24	1	2.776	2786155316	5355361
10000	14058	1.037	8	1.3318	31	1	2.8116	2818730213	8561590
Done in 2818730213 ns
Start computing the 7th graph now

Nodes	Edges	Alpha	Max_Dep	Average_Dep	Max_Deg	Min_Deg	Avg_Deg	Graph_Time	Analysis_time	Diameter
100	177	1.124	5	1.52	16	1	3.54	298352	24191
200	273	1.0587	5	1.3	13	1	2.73	702682	24575
300	421	1.0594	4	1.3467	18	1	2.8067	1346231	31102
400	585	1.0634	5	1.3675	14	1	2.925	2447100	46462
500	726	1.06	7	1.352	17	1	2.904	3615933	50686
600	866	1.0574	7	1.3667	22	1	2.8867	4967541	84091
700	913	1.0406	4	1.2486	14	1	2.6086	6367146	71036
800	1161	1.0557	5	1.37	23	1	2.9025	8561204	192758
900	1257	1.0491	5	1.3256	15	1	2.7933	10917686	1175361
1000	1385	1.0471	6	1.328	20	1	2.77	13349428	5761611
1100	1556	1.0495	6	1.3464	31	1	2.8291	15977768	127097
1200	1629	1.0431	5	1.3042	16	1	2.715	18596123	152824
1300	1856	1.0497	4	1.3431	26	1	2.8554	21540861	148984
1400	1945	1.0454	6	1.3307	26	1	2.7786	24644183	171255
1500	2105	1.0463	6	1.332	26	1	2.8067	29042668	234611
1600	2247	1.046	6	1.3363	18	1	2.8088	32725415	214644
1700	2344	1.0432	5	1.3188	21	1	2.7576	37687197	545635
1800	2538	1.0458	6	1.3356	19	1	2.82	60499800	276465
1900	2574	1.0402	7	1.2895	23	1	2.7095	115347425	352877
2000	2768	1.0428	5	1.32	19	1	2.768	119830386	316783
2100	2939	1.0439	7	1.3271	22	1	2.799	125481412	375148
2200	3041	1.0421	6	1.3127	19	1	2.7645	131861999	969548
2300	3171	1.0415	6	1.3113	19	1	2.7574	181262108	794069
2400	3311	1.0413	6	1.3142	21	1	2.7592	188568085	625886
2500	3557	1.0451	5	1.3484	19	1	2.8456	196034949	466151
2600	3619	1.0421	5	1.3231	17	1	2.7838	207383461	822868
2700	3717	1.0405	6	1.3189	20	1	2.7533	214023234	505700
2800	3944	1.0432	6	1.3354	25	1	2.8171	221326908	542563
2900	4096	1.0433	7	1.3379	23	1	2.8248	229009185	667356
3000	4185	1.0416	7	1.3253	22	1	2.79	236373911	647389
3100	4348	1.0421	6	1.3335	23	1	2.8052	245172032	1376182
3200	4544	1.0434	6	1.3466	27	1	2.84	287049599	603999
3300	4649	1.0423	6	1.3321	34	1	2.8176	323000059	615135
3400	4749	1.0411	6	1.3274	22	1	2.7935	331361212	723417
3500	4801	1.0387	6	1.3091	31	1	2.7434	340874303	1730596
3600	5034	1.0409	7	1.3328	27	1	2.7967	354176888	1216447
3700	5096	1.039	5	1.3132	23	1	2.7546	363533699	769879
3800	5229	1.0387	5	1.3142	26	1	2.7521	373420402	895056
3900	5466	1.0408	6	1.3315	22	1	2.8031	386910752	1832350
4000	5658	1.0418	6	1.3408	31	1	2.829	449360019	3724985
4100	5731	1.0403	6	1.3278	20	1	2.7956	487495707	1021002
4200	5916	1.0411	8	1.3326	25	1	2.8171	502945504	8551223
4300	6033	1.0405	8	1.3316	22	1	2.806	533865450	6654364
4400	6115	1.0392	6	1.3211	22	1	2.7795	553025257	1045576
4500	6305	1.0401	7	1.3342	25	1	2.8022	566182313	2088080
4600	6436	1.0398	6	1.3317	24	1	2.7983	636880611	4489488
4700	6519	1.0387	6	1.3204	29	1	2.774	649738163	3238867
4800	6640	1.0383	7	1.3208	23	1	2.7667	664125874	1317434
4900	6794	1.0385	6	1.3257	26	1	2.7731	681636489	1459506
5000	6967	1.039	7	1.322	26	1	2.7868	710058264	354029
5100	7189	1.0402	7	1.3353	27	1	2.8192	725799502	1636520
5200	7292	1.0395	6	1.3358	26	1	2.8046	745701925	2521977
5300	7419	1.0392	6	1.3334	32	1	2.7996	758937697	1261373
5400	7540	1.0388	9	1.3315	26	1	2.7926	773243620	1371958
5500	7599	1.0375	6	1.3136	23	1	2.7633	787271925	1438003
5600	7764	1.0379	7	1.32	29	1	2.7729	809101157	2442493
5700	7951	1.0385	9	1.3244	20	1	2.7898	825642224	1536301
5800	8204	1.04	7	1.336	25	1	2.829	846936189	1716388
5900	8415	1.0409	8	1.3508	26	1	2.8525	864144228	1460658
6000	8370	1.0383	6	1.3262	30	1	2.79	931926969	1729443
6100	8525	1.0384	5	1.3284	29	1	2.7951	948299469	2129550
6200	8718	1.039	7	1.3339	26	1	2.8123	968386586	1836190
6300	8900	1.0395	7	1.3403	32	1	2.8254	1033812461	2115727
6400	8957	1.0384	8	1.3266	24	1	2.7991	1050722916	1483312
6500	9032	1.0375	7	1.3203	24	1	2.7791	1113882929	1510191
6600	9296	1.0389	6	1.3362	25	1	2.817	1132667971	1615402
6700	9341	1.0377	7	1.3234	25	1	2.7884	1194706380	1592363
6800	9568	1.0387	7	1.3312	27	1	2.8141	1278132445	2866022
6900	9738	1.039	7	1.3371	35	1	2.8226	1339829880	1769762
7000	9796	1.038	9	1.3301	22	1	2.7989	1388109153	2119567
7100	10096	1.0397	9	1.3466	23	1	2.8439	1411821420	2886758
7200	10043	1.0375	7	1.3231	20	1	2.7897	1455821626	2400256
7300	10338	1.0391	6	1.3411	21	1	2.8323	1500032253	2141069
7400	10259	1.0367	6	1.3238	31	1	2.7727	1533861611	1948312
7500	10560	1.0383	6	1.3345	26	1	2.816	1556170049	2365697
7600	10655	1.0378	7	1.3301	32	1	2.8039	1591637847	2055058
7700	10682	1.0366	6	1.3209	21	1	2.7745	1624649713	4138914
7800	10910	1.0374	6	1.3279	27	1	2.7974	1655285514	2102672
7900	11083	1.0377	6	1.3297	30	1	2.8058	1697936416	2038931
8000	11225	1.0377	7	1.3331	33	1	2.8063	1721344955	2203274
8100	11349	1.0375	9	1.332	25	1	2.8022	1755477273	3422408
8200	11486	1.0374	8	1.3326	26	1	2.8015	1781228088	4506767
8300	11599	1.0371	7	1.3272	25	1	2.7949	1811210356	2444797
8400	11792	1.0375	7	1.3363	33	1	2.8076	1838119252	2379904
8500	11912	1.0373	7	1.3318	36	1	2.8028	1868862951	2307716
8600	12002	1.0368	7	1.3278	43	1	2.7912	1901142568	2396799
8700	12175	1.037	9	1.3314	26	1	2.7989	1937405972	4599306
8800	12509	1.0387	8	1.3417	24	1	2.843	1986838719	951501
8900	12606	1.0383	7	1.34	31	1	2.8328	2036461536	2851047
9000	12720	1.038	7	1.3429	23	1	2.8267	2094376005	3076828
9100	12691	1.0365	7	1.3252	24	1	2.7892	2119099291	2573815
9200	13004	1.0379	7	1.3316	29	1	2.827	2193136289	2838760
9300	13099	1.0375	7	1.3375	39	1	2.817	2260894072	2441342
9400	13138	1.0366	8	1.3293	28	1	2.7953	2287943505	5944002
9500	13538	1.0387	8	1.3488	29	1	2.8501	2325769705	3659708
9600	13546	1.0376	7	1.3372	27	1	2.8221	2356898919	4612361
9700	13738	1.0379	7	1.3401	28	1	2.8326	2430987371	2664433
9800	13762	1.0369	6	1.3371	26	1	2.8086	2457208176	3058012
9900	13924	1.0371	6	1.3358	28	1	2.8129	2491090907	11262117
10000	14134	1.0376	7	1.3405	38	1	2.8268	2520035279	2750061
Done in 2520035279 ns
Start computing the 8th graph now

Nodes	Edges	Alpha	Max_Dep	Average_Dep	Max_Deg	Min_Deg	Avg_Deg	Graph_Time	Analysis_time	Diameter
100	139	1.0715	4	1.33	10	1	2.78	210805	23806
200	278	1.0622	4	1.32	15	1	2.78	632031	23806
300	392	1.0469	5	1.26	12	1	2.6133	1210688	29182
400	578	1.0614	6	1.35	17	1	2.89	2114576	37246
500	681	1.0497	5	1.31	15	1	2.724	3159768	65661
600	832	1.0511	5	1.3117	17	1	2.7733	4492561	55677
700	984	1.052	6	1.3229	18	1	2.8114	6047294	67965
800	1096	1.0471	6	1.3188	17	1	2.74	7945688	80636
900	1261	1.0496	7	1.3244	19	1	2.8022	9940845	86395
1000	1450	1.0538	6	1.358	18	1	2.9	12285424	129401
1100	1521	1.0463	5	1.3245	22	1	2.7655	14663409	113657
1200	1726	1.0513	5	1.3642	22	1	2.8767	17410398	125178
1300	1829	1.0476	5	1.35	29	1	2.8138	20465338	150520
1400	1966	1.0469	6	1.3421	22	1	2.8086	23797128	171254
1500	2117	1.0471	6	1.326	24	1	2.8227	80227900	300656
1600	2284	1.0482	6	1.3481	23	1	2.855	83950196	195830
1700	2303	1.0408	4	1.2976	18	1	2.7094	87818022	247283
1800	2483	1.0429	6	1.3111	26	1	2.7589	92358579	279537
1900	2616	1.0424	5	1.3163	20	1	2.7537	113399501	771031
2000	2806	1.0445	5	1.325	28	1	2.806	129687526	8866085
2100	2994	1.0464	6	1.3433	25	1	2.8514	134969931	414314
2200	3025	1.0414	5	1.3173	21	1	2.75	140965387	430441
2300	3240	1.0443	6	1.3322	31	1	2.8174	146677466	364397
2400	3399	1.0447	6	1.3446	19	1	2.8325	155291277	511460
2500	3562	1.0452	6	1.3468	27	1	2.8496	167397765	452328
2600	3582	1.0407	6	1.3138	18	1	2.7554	173687348	575201
2700	3764	1.042	6	1.3211	19	1	2.7881	180413900	455399
2800	3908	1.042	5	1.3286	21	1	2.7914	187371223	549091
2900	4109	1.0437	6	1.3417	36	1	2.8338	241472393	730713
3000	4181	1.0415	7	1.324	24	1	2.7873	248883580	590176
3100	4353	1.0422	7	1.3316	19	1	2.8084	256939469	572897
3200	4525	1.0429	5	1.3434	23	1	2.8281	265388553	637790
3300	4647	1.0423	7	1.333	22	1	2.8164	299607266	1565100
3400	4667	1.039	8	1.3132	22	1	2.7453	345670593	822868
3500	4878	1.0407	7	1.3331	21	1	2.7874	354663391	685019
3600	5115	1.0429	7	1.3428	23	1	2.8417	395436633	2298501
3700	5153	1.0403	6	1.3276	21	1	2.7854	404743527	782166
3800	5373	1.042	7	1.3382	25	1	2.8279	416200322	879697
3900	5404	1.0394	6	1.3215	21	1	2.7713	426678354	868561
4000	5539	1.0392	6	1.317	26	1	2.7695	437197087	953037
4100	5715	1.0399	6	1.3239	22	1	2.7878	453289666	898512
4200	5880	1.0403	6	1.3229	25	1	2.8	466416388	881232
4300	6059	1.041	7	1.3353	24	1	2.8181	478215308	1854621
4400	6203	1.0409	6	1.333	33	1	2.8195	574959316	1262908
4500	6310	1.0402	7	1.3331	28	1	2.8044	586396144	1234494
4600	6476	1.0406	7	1.333	25	1	2.8157	598242294	1172289
4700	6608	1.0403	7	1.3404	26	1	2.8119	610599905	1181505
4800	6752	1.0403	6	1.3356	35	1	2.8133	635607719	1228351
4900	6705	1.0369	7	1.3049	28	1	2.7367	655264012	1271356
5000	7063	1.0406	7	1.3406	33	1	2.8252	670762191	1483696
5100	7075	1.0383	6	1.3198	20	1	2.7745	684178433	2339203
5200	7282	1.0394	6	1.329	22	1	2.8008	700814726	1451059
5300	7499	1.0405	7	1.3417	30	1	2.8298	728997282	1744419
5400	7538	1.0388	6	1.3283	24	1	2.7919	744518500	1562413
5500	7911	1.0422	8	1.3571	31	1	2.8767	761198567	1540526
5600	7728	1.0373	6	1.313	27	1	2.76	780209389	1456434
5700	7923	1.0381	7	1.3219	25	1	2.78	805009470	1599659
5800	7990	1.037	7	1.3183	28	1	2.7552	820847471	1748259
5900	8342	1.0399	6	1.3434	22	1	2.8278	837936093	1783969
6000	8466	1.0396	6	1.3362	27	1	2.822	854618464	1848861
6100	8491	1.0379	7	1.3236	26	1	2.7839	876267226	1537070
6200	8626	1.0378	6	1.3227	23	1	2.7826	892550259	1526703
6300	8967	1.0404	7	1.343	24	1	2.8467	914993090	1586219
6400	8992	1.0388	7	1.333	24	1	2.81	1077907125	1570092
6500	9095	1.0383	7	1.3291	40	1	2.7985	1146912456	1791264
6600	9227	1.0381	6	1.3282	30	1	2.7961	1190671523	1796256
6700	9493	1.0396	7	1.3407	24	1	2.8337	1226513317	1915289
6800	9559	1.0386	7	1.3319	25	1	2.8115	1298833544	1784736
6900	9611	1.0375	7	1.3286	26	1	2.7858	1318269816	2217097
7000	9886	1.039	9	1.343	24	1	2.8246	1338300872	1888027
7100	9885	1.0373	7	1.3196	26	1	2.7845	1413827711	1953687
7200	10124	1.0384	7	1.3349	31	1	2.8122	1438815558	1848477
7300	10321	1.0389	8	1.3419	29	1	2.8277	1458704926	1998997
7400	10496	1.0392	7	1.3415	29	1	2.8368	1493447003	2508154
7500	10466	1.0373	6	1.3295	23	1	2.7909	1516006564	2007061
7600	10580	1.037	7	1.3225	35	1	2.7842	1546349004	5129582
7700	10727	1.037	6	1.3249	30	1	2.7862	1569753320	2035859
7800	10897	1.0373	8	1.3347	30	1	2.7941	1592652319	2343426
7900	11122	1.0381	6	1.3339	22	1	2.8157	1628861582	2411775
8000	11174	1.0372	6	1.3296	26	1	2.7935	1649781167	2147981
8100	11459	1.0385	8	1.3438	35	1	2.8294	1688385310	4232990
8200	11450	1.037	7	1.3305	24	1	2.7927	1723833910	4361623
8300	11811	1.0391	7	1.343	33	1	2.846	1785086696	3298000
8400	11867	1.0382	6	1.336	27	1	2.8255	1810273829	2578806
8500	12005	1.0382	7	1.3382	29	1	2.8247	1846335259	4681094
8600	12087	1.0376	6	1.3306	32	1	2.8109	1880260227	52859764
8700	12271	1.0379	8	1.3401	31	1	2.8209	1904352250	2504314
8800	12175	1.0357	7	1.3206	33	1	2.767	1952128893	2594549
8900	12541	1.0377	8	1.3358	27	1	2.8182	1983741922	2538104
9000	12460	1.0357	8	1.3187	28	1	2.7689	2012993093	3345613
9100	12852	1.0379	6	1.3378	35	1	2.8246	2121990270	8156876
9200	12788	1.0361	7	1.3263	37	1	2.78	2172263164	2823401
9300	12980	1.0365	7	1.3311	21	1	2.7914	2210067477	6569120
9400	13146	1.0367	7	1.332	34	1	2.797	2236305945	2841448
9500	13362	1.0372	7	1.3336	37	1	2.8131	2261995707	2656753
9600	13459	1.0368	7	1.3301	37	1	2.804	2306070404	2874854
9700	13611	1.0369	7	1.3301	28	1	2.8064	2333008867	2746605
9800	13756	1.0369	7	1.3339	28	1	2.8073	2366651995	2684016
9900	13951	1.0373	7	1.3338	24	1	2.8184	2399042582	2724334
10000	13822	1.0351	7	1.3184	27	1	2.7644	2545240840	5794634
Done in 2545240840 ns
Start computing the 9th graph now

Nodes	Edges	Alpha	Max_Dep	Average_Dep	Max_Deg	Min_Deg	Avg_Deg	Graph_Time	Analysis_time	Diameter
100	151	1.0895	5	1.44	11	1	3.02	235379	26879
200	276	1.0608	4	1.32	14	1	2.76	1761313	70268
300	431	1.0635	6	1.35	17	1	2.8733	2555766	64125
400	526	1.0457	5	1.28	13	1	2.63	3787956	74876
500	695	1.053	5	1.326	19	1	2.78	5111917	74492
600	887	1.0611	8	1.3717	19	1	2.9567	6700824	158967
700	969	1.0496	4	1.3229	16	1	2.7686	8509367	116730
800	1039	1.0391	6	1.2663	19	1	2.5975	15022043	119034
900	1279	1.0517	5	1.3478	23	1	2.8422	17012208	82940
1000	1363	1.0448	5	1.3	16	1	2.726	19256184	96763
1100	1562	1.0501	5	1.3364	18	1	2.84	21719028	108282
1200	1710	1.05	5	1.34	22	1	2.85	24431075	135928
1300	1796	1.0451	6	1.3192	21	1	2.7631	27799727	151672
1400	1951	1.0458	6	1.3321	24	1	2.7871	30878090	145912
1500	2124	1.0476	6	1.3367	23	1	2.832	34275924	188150
1600	2232	1.0451	5	1.3313	18	1	2.79	39135184	201973
1700	2409	1.0469	6	1.3376	35	1	2.8341	43435754	230388
1800	2454	1.0413	6	1.2967	22	1	2.7267	47664136	246515
1900	2646	1.0439	6	1.3253	19	1	2.7853	52046877	288368
2000	2857	1.0469	9	1.3505	22	1	2.857	56961046	349421
2100	2913	1.0428	6	1.3257	22	1	2.7743	61766933	336366
2200	3019	1.0411	6	1.3114	27	1	2.7445	66652304	359405
2300	3211	1.0431	5	1.3165	34	1	2.7922	79177714	442344
2400	3283	1.0403	6	1.3067	19	1	2.7358	91168625	680028
2500	3427	1.0403	6	1.3124	21	1	2.7416	97147569	410090
2600	3660	1.0435	7	1.3319	21	1	2.8154	103430240	709978
2700	3758	1.0418	6	1.3219	24	1	2.7837	109616533	3976875
2800	3952	1.0434	7	1.3361	24	1	2.8229	118700335	671580
2900	3985	1.0399	5	1.3107	23	1	2.7483	125448390	556386
3000	4215	1.0425	7	1.3323	24	1	2.81	132933686	612447
3100	4496	1.0462	6	1.3668	25	1	2.9006	141293686	591713
3200	4510	1.0425	6	1.3306	30	1	2.8188	150447372	617055
3300	4708	1.0439	7	1.3482	21	1	2.8533	166958105	712666
3400	4766	1.0415	6	1.3332	28	1	2.8035	175260893	640862
3500	4835	1.0396	6	1.3223	21	1	2.7629	192158293	696539
3600	5102	1.0426	7	1.3469	20	1	2.8344	204668727	769111
3700	5146	1.0402	9	1.3238	28	1	2.7816	216214989	963404
3800	5386	1.0423	8	1.3358	21	1	2.8347	229216533	953421
3900	5466	1.0408	7	1.3354	30	1	2.8031	245621287	1011018
4000	5592	1.0404	7	1.3268	30	1	2.796	256899915	851666
4100	5809	1.0419	5	1.3422	31	1	2.8337	276527409	1161153
4200	5894	1.0406	7	1.3383	21	1	2.8067	292037491	1095878
4300	6010	1.04	6	1.3298	24	1	2.7953	303619080	1045960
4400	6183	1.0406	6	1.3332	21	1	2.8105	323960008	1029065
4500	6327	1.0405	9	1.3382	24	1	2.812	335510878	1086662
4600	6576	1.0424	9	1.3507	28	1	2.8591	356251144	1191104
4700	6532	1.0389	6	1.3206	22	1	2.7796	367992467	1110469
4800	6804	1.0412	7	1.3375	33	1	2.835	380159240	1504047
4900	6940	1.041	8	1.3396	27	1	2.8327	398111432	1659944
5000	6972	1.039	7	1.3228	25	1	2.7888	410421814	1480624
5100	7178	1.04	6	1.3353	23	1	2.8149	425613577	1428403
5200	7214	1.0383	6	1.3187	32	1	2.7746	438703820	1331257
5300	7378	1.0386	6	1.3253	25	1	2.7842	478449918	1477552
5400	7519	1.0385	6	1.3233	23	1	2.7848	492429458	1326649
5500	7661	1.0385	7	1.3216	24	1	2.7858	525137212	1406901
5600	7887	1.0397	9	1.3366	26	1	2.8168	546102106	1773217
5700	7951	1.0385	7	1.3246	30	1	2.7898	564139157	1525551
5800	8226	1.0403	10	1.3362	25	1	2.8366	592708765	676956
5900	8174	1.0375	8	1.3202	32	1	2.7708	609727886	1627305
6000	8406	1.0388	7	1.3302	27	1	2.802	681361173	1858844
6100	8590	1.0393	6	1.3349	24	1	2.8164	750360745	1809311
6200	8651	1.0381	7	1.3237	31	1	2.7906	769178042	1747490
6300	8820	1.0385	9	1.3286	25	1	2.8	787400555	1500591
6400	9031	1.0393	7	1.3348	35	1	2.8222	812525866	1559725
6500	9059	1.0378	6	1.3268	26	1	2.7874	832356101	2592245
6600	9295	1.0389	9	1.3371	28	1	2.8167	852767681	1682982
6700	9520	1.0399	8	1.3504	25	1	2.8418	875399430	1711780
6800	9470	1.0375	7	1.3244	37	1	2.7853	898058826	1747874
6900	9761	1.0392	7	1.3333	30	1	2.8293	924211667	1729828
7000	10009	1.0404	6	1.3546	25	1	2.8597	983644391	5824968
7100	9896	1.0374	7	1.3239	27	1	2.7876	1021123474	1955992
7200	10228	1.0395	7	1.3422	26	1	2.8411	1049320237	1994005
7300	10257	1.0382	6	1.3318	28	1	2.8101	1108317144	13353653
7400	10295	1.0371	6	1.3226	36	1	2.7824	1150290322	1765921
7500	10542	1.0382	7	1.3384	28	1	2.8112	1229504900	1998613
7600	10719	1.0385	7	1.3345	26	1	2.8208	1292113902	2141069
7700	10800	1.0378	6	1.3288	26	1	2.8052	1339874802	2199050
7800	10877	1.0371	6	1.3246	30	1	2.789	1409375851	2607605
7900	11140	1.0383	7	1.3414	29	1	2.8203	1506124851	11808136
8000	11316	1.0386	7	1.3419	26	1	2.829	1538500463	2502394
8100	11280	1.0368	6	1.3263	25	1	2.7852	1560218725	5315043
8200	11572	1.0382	7	1.3362	27	1	2.8224	1620217819	2244744
8300	11624	1.0373	6	1.3336	34	1	2.801	1650450441	2309637
8400	11793	1.0375	7	1.3318	28	1	2.8079	1684269431	4304026
8500	11864	1.0369	7	1.3291	25	1	2.7915	1710340485	2184843
8600	11996	1.0367	6	1.3251	24	1	2.7898	1737356895	2922852
8700	12107	1.0364	7	1.3254	22	1	2.7832	1796481284	2486267
8800	12503	1.0387	7	1.3427	28	1	2.8416	1873137407	3038814
8900	12491	1.0373	7	1.3297	39	1	2.807	1942977894	3149400
9000	12743	1.0382	8	1.3376	29	1	2.8318	1989098050	2847208
9100	12768	1.0372	7	1.3303	28	1	2.8062	2016209688	2892518
9200	12945	1.0374	6	1.334	33	1	2.8141	2045353345	5907524
9300	13010	1.0367	7	1.3318	30	1	2.7978	2148592750	1638825
9400	13091	1.0362	8	1.328	22	1	2.7853	2204189520	2583798
9500	13277	1.0365	6	1.3306	29	1	2.7952	2246358143	13168576
9600	13642	1.0383	7	1.3452	25	1	2.8421	2307143627	5856455
9700	13557	1.0365	9	1.3275	29	1	2.7953	2340956857	2934755
9800	13642	1.036	6	1.3249	27	1	2.7841	2376775613	4833918
9900	13845	1.0365	7	1.3288	31	1	2.797	2417427134	2823017
10000	14130	1.0375	7	1.3442	26	1	2.826	2447916639	2743917
Done in 2447916639 ns
Start computing the 10th graph now

Nodes	Edges	Alpha	Max_Dep	Average_Dep	Max_Deg	Min_Deg	Avg_Deg	Graph_Time	Analysis_time	Diameter
100	145	1.0807	5	1.35	10	1	2.9	280305	43774
200	270	1.0566	4	1.285	11	1	2.7	748760	26878
300	424	1.0607	6	1.36	14	1	2.8267	1515183	39934
400	550	1.0532	4	1.315	13	1	2.75	24828495	69116
500	730	1.0609	6	1.362	17	1	2.92	28112288	110970
600	797	1.0444	5	1.2933	15	1	2.6567	29532628	132473
700	938	1.0447	5	1.2943	22	1	2.68	31538537	94459
800	1097	1.0472	7	1.3088	16	1	2.7425	61333806	107898
900	1280	1.0518	5	1.3544	16	1	2.8444	63641523	87163
1000	1386	1.0473	6	1.337	23	1	2.772	65790656	99450
1100	1583	1.052	6	1.3518	20	1	2.8782	68661670	419690
1200	1684	1.0478	7	1.3375	17	1	2.8067	71372181	128249
1300	1782	1.044	6	1.3069	17	1	2.7415	74870618	261490
1400	1902	1.0423	5	1.3014	24	1	2.7171	78182441	179703
1500	2060	1.0434	5	1.31	22	1	2.7467	81700077	190069
1600	2200	1.0432	6	1.3131	20	1	2.75	85826704	223476
1700	2392	1.0459	6	1.3282	25	1	2.8141	90534292	218100
1800	2533	1.0456	6	1.3294	21	1	2.8144	95179291	242675
1900	2598	1.0414	6	1.3058	22	1	2.7347	99836578	399722
2000	2753	1.042	6	1.318	22	1	2.753	104716957	805589
2100	2888	1.0417	7	1.3219	19	1	2.7505	109679891	318319
2200	3118	1.0453	6	1.3436	20	1	2.8345	115300966	339054
2300	3210	1.0431	7	1.3213	25	1	2.7913	125915310	960717
2400	3412	1.0452	7	1.3425	28	1	2.8433	131872752	397803
2500	3392	1.039	6	1.302	21	1	2.7136	140286894	442345
2600	3598	1.0413	6	1.3154	28	1	2.7677	146291565	494182
2700	3857	1.0451	7	1.3515	33	1	2.857	153116032	511077
2800	3936	1.0429	7	1.3361	28	1	2.8114	160751848	521061
2900	4108	1.0437	8	1.3462	30	1	2.8331	168599236	1404597
3000	4209	1.0423	6	1.3387	22	1	2.806	192148312	555618
3100	4437	1.0446	6	1.3484	28	1	2.8626	200191914	540643
3200	4499	1.0422	6	1.3438	26	1	2.8119	209404733	554850
3300	4589	1.0407	8	1.3245	22	1	2.7812	217521674	616287
3400	4742	1.0409	7	1.3253	23	1	2.7894	225743826	665052
3500	4864	1.0403	6	1.3269	25	1	2.7794	235412429	717274
3600	5087	1.0422	6	1.335	19	1	2.8261	244449385	1546669
3700	5147	1.0402	6	1.3273	22	1	2.7822	297479636	1746339
3800	5449	1.0437	7	1.3561	23	1	2.8679	316132206	1359287
3900	5409	1.0396	7	1.3205	22	1	2.7738	326387530	1398070
4000	5666	1.042	8	1.3423	30	1	2.833	336928534	937294
4100	5746	1.0406	7	1.3317	23	1	2.8029	386077136	1088582
4200	5923	1.0412	6	1.339	26	1	2.8205	397292792	1017546
4300	5995	1.0397	8	1.3249	26	1	2.7884	408247342	982603
4400	6136	1.0396	6	1.3236	24	1	2.7891	419717192	1025993
4500	6236	1.0388	6	1.3176	28	1	2.7716	443065063	1065927
4600	6531	1.0416	7	1.3426	31	1	2.8396	541416409	1409588
4700	6541	1.0391	6	1.3268	34	1	2.7834	557028629	41421400
4800	6718	1.0397	6	1.3315	23	1	2.7992	611317565	1314746
4900	6863	1.0397	6	1.3298	20	1	2.8012	669864065	1650343
5000	7167	1.0423	7	1.3544	25	1	2.8668	685009750	1591979
5100	7121	1.0391	7	1.3247	28	1	2.7925	727172998	1421492
5200	7364	1.0407	6	1.3394	25	1	2.8323	878321903	2181388
5300	7402	1.039	8	1.3223	29	1	2.7932	941374017	1303226
5400	7562	1.0392	8	1.3315	30	1	2.8007	955714114	1751331
5500	7658	1.0384	8	1.3273	28	1	2.7847	970005061	1458738
5600	7818	1.0387	6	1.3227	33	1	2.7921	999803019	1596970
5700	7946	1.0384	7	1.324	27	1	2.7881	1015290446	1527854
5800	7950	1.0364	5	1.3071	29	1	2.7414	1032890144	1827358
5900	8278	1.039	7	1.3341	23	1	2.8061	1049666590	1464881
6000	8407	1.0388	8	1.3298	23	1	2.8023	1068511918	1904922
6100	8686	1.0405	7	1.3457	29	1	2.8479	1087468599	1530542
6200	8714	1.039	7	1.3316	25	1	2.811	1130641713	806741
6300	8837	1.0387	7	1.3267	26	1	2.8054	1149823406	1429172
6400	8986	1.0387	7	1.3359	26	1	2.8081	1211318867	18884494
6500	9151	1.039	6	1.3354	27	1	2.8157	1238860562	4346264
6600	9319	1.0392	7	1.3336	27	1	2.8239	1265919595	27359689
6700	9422	1.0387	7	1.3419	31	1	2.8125	1304658131	1833118
6800	9587	1.0389	6	1.3346	35	1	2.8197	1354698334	36462305
6900	9783	1.0395	6	1.3401	25	1	2.8357	1385766879	1930649
7000	9974	1.04	6	1.3491	31	1	2.8497	1434326456	2146829
7100	9873	1.0372	6	1.3213	24	1	2.7811	1524870347	7438834
7200	10279	1.0401	6	1.3496	32	1	2.8553	1569615857	2181771
7300	10171	1.0373	7	1.3266	25	1	2.7866	1592102846	6453926
7400	10286	1.037	7	1.3199	29	1	2.78	1620303065	1985942
7500	10437	1.037	9	1.3224	27	1	2.7832	1658739024	2756972
7600	10574	1.037	7	1.3216	37	1	2.7826	1692477379	14059792
7700	10763	1.0374	6	1.3303	29	1	2.7956	1730919482	3454279
7800	10995	1.0383	7	1.3368	23	1	2.8192	1756770131	2764652
7900	11049	1.0374	7	1.3287	25	1	2.7972	1798872711	2194059
8000	11198	1.0374	8	1.3268	29	1	2.7995	1834590096	2926308
8100	11340	1.0374	7	1.3333	23	1	2.8	1880416124	2291590
8200	11488	1.0374	6	1.3278	25	1	2.802	1921485799	2967393
8300	11642	1.0375	6	1.3316	37	1	2.8053	1963518494	3814068
8400	11819	1.0378	7	1.3368	27	1	2.814	1999228967	2934755
8500	11928	1.0374	6	1.3331	27	1	2.8066	2031383407	4611978
8600	12006	1.0368	6	1.3284	28	1	2.7921	2070828849	2691696
8700	12202	1.0373	6	1.3315	31	1	2.8051	2108068713	6606367
8800	12519	1.0388	7	1.3468	25	1	2.8452	2140126006	3018078
8900	12418	1.0366	7	1.3247	26	1	2.7906	2187144674	3140952
9000	12644	1.0373	7	1.3332	35	1	2.8098	2236045225	7011465
9100	12550	1.0353	7	1.3156	25	1	2.7582	2278109790	3356748
9200	13024	1.0381	7	1.3416	27	1	2.8313	2322829957	13849755
9300	13029	1.0369	6	1.3284	27	1	2.8019	2357213014	10718402
9400	13188	1.037	7	1.3346	27	1	2.806	2395614415	2642162
9500	13130	1.0353	7	1.3175	26	1	2.7642	2465529394	1568940
9600	13308	1.0356	7	1.3204	31	1	2.7725	2500539104	3366348
9700	13643	1.0372	8	1.3311	27	1	2.813	2535220512	19245434
9800	13746	1.0368	7	1.3313	31	1	2.8053	2585597465	3426249
9900	13829	1.0363	8	1.3281	27	1	2.7937	2627084910	3168214
10000	13978	1.0364	7	1.33	33	1	2.7956	2709101385	4481808
Done in 2709101385 ns
Degrees:	1	Frequency:	35079
Degrees:	2	Frequency:	24361
Degrees:	3	Frequency:	14953
Degrees:	4	Frequency:	9273
Degrees:	5	Frequency:	5762
Degrees:	6	Frequency:	3618
Degrees:	7	Frequency:	2243
Degrees:	8	Frequency:	1485
Degrees:	9	Frequency:	1030
Degrees:	10	Frequency:	683
Degrees:	11	Frequency:	448
Degrees:	12	Frequency:	291
Degrees:	13	Frequency:	222
Degrees:	14	Frequency:	138
Degrees:	15	Frequency:	110
Degrees:	17	Frequency:	60
Degrees:	16	Frequency:	94
Degrees:	19	Frequency:	29
Degrees:	18	Frequency:	42
Degrees:	21	Frequency:	13
Degrees:	20	Frequency:	20
Degrees:	23	Frequency:	9
Degrees:	22	Frequency:	10
Degrees:	25	Frequency:	4
Degrees:	24	Frequency:	7
Degrees:	27	Frequency:	3
Degrees:	26	Frequency:	4
Degrees:	29	Frequency:	1
Degrees:	28	Frequency:	2
Degrees:	31	Frequency:	1
Degrees:	30	Frequency:	1
Degrees:	33	Frequency:	2
Degrees:	38	Frequency:	1
Degrees:	37	Frequency:	1
