Start computing the 1th graph now

Nodes	Edges	Alpha	Max_Dep	Average_Dep	Max_Deg	Min_Deg	Avg_Deg	Graph_Time	Analysis_time	Diameter
100	155	1.0952	5	1.45	12	1	3.1	247283	23807
200	307	1.0809	4	1.425	17	1	3.07	1040584	30719
300	455	1.073	6	1.3933	16	1	3.0333	1827358	31103
400	613	1.0713	5	1.4275	19	1	3.065	13578281	75644
500	779	1.0713	6	1.426	18	1	3.116	21590780	130937
600	898	1.063	5	1.3917	19	1	2.9933	23767560	211188
700	998	1.0541	6	1.3271	23	1	2.8514	53335130	95995
800	1253	1.0671	7	1.4525	25	1	3.1325	55615200	88316
900	1339	1.0584	7	1.3878	22	1	2.9756	59155491	128633
1000	1521	1.0607	7	1.394	22	1	3.042	61802261	110586
1100	1736	1.0652	6	1.4436	24	1	3.1564	71682821	417769
1200	1866	1.0623	8	1.4392	26	1	3.11	75106382	159735
1300	1981	1.0587	6	1.4108	24	1	3.0477	79028732	4285595
1400	2286	1.0677	7	1.4636	44	1	3.2657	84068846	435048
1500	2401	1.0643	6	1.4593	30	1	3.2013	92145086	1549357
1600	2556	1.0635	7	1.465	31	1	3.195	110557285	1596587
1700	2690	1.0617	8	1.4435	26	1	3.1647	116789655	241139
1800	2840	1.0608	7	1.4494	25	1	3.1556	122646878	456935
1900	2937	1.0577	7	1.4295	28	1	3.0916	127830985	291824
2000	3128	1.0588	6	1.434	32	1	3.128	133638291	371692
2100	3267	1.0578	6	1.4271	24	1	3.1114	158062840	537571
2200	3556	1.0624	7	1.4677	30	1	3.2327	165949394	429289
2300	3625	1.0588	9	1.4483	31	1	3.1522	172973914	433129
2400	3752	1.0574	8	1.4421	27	1	3.1267	192705082	461159
2500	3870	1.0558	7	1.4292	28	1	3.096	203716077	642781
2600	4044	1.0562	7	1.4254	34	1	3.1108	211764286	1050568
2700	4185	1.0555	7	1.4267	30	1	3.1	219529502	719194
2800	4377	1.0563	8	1.4311	23	1	3.1264	228439362	691931
2900	4517	1.0556	8	1.4383	25	1	3.1152	238903186	654685
3000	4708	1.0563	8	1.439	31	1	3.1387	248675080	639710
3100	4782	1.0539	8	1.4281	32	1	3.0852	267335329	853202
3200	4968	1.0545	7	1.4288	24	1	3.105	288511796	2202122
3300	5052	1.0526	8	1.4136	25	1	3.0618	301231883	736088
3400	5244	1.0533	8	1.4238	29	1	3.0847	314232276	911568
3500	5430	1.0538	8	1.4289	31	1	3.1029	345687489	1088198
3600	5661	1.0553	8	1.4392	30	1	3.145	359721170	846674
3700	5698	1.0526	7	1.4165	24	1	3.08	371922885	1459890
3800	6013	1.0557	10	1.4482	35	1	3.1647	385688164	1314362
3900	6123	1.0546	9	1.4308	28	1	3.14	400207963	3289168
4000	6275	1.0543	9	1.4363	36	1	3.1375	425748356	4985973
4100	6445	1.0544	8	1.4361	30	1	3.1439	455510988	1234878
4200	6661	1.0553	6	1.4564	25	1	3.1719	476290420	2109967
4300	6672	1.0525	7	1.4274	38	1	3.1033	510702659	5812681
4400	6808	1.052	8	1.4259	27	1	3.0945	533823214	1608106
4500	7033	1.0531	8	1.4333	26	1	3.1258	548530011	1345848
4600	7300	1.0548	7	1.4396	35	1	3.1739	564760823	1795872
4700	7208	1.0506	7	1.4191	23	1	3.0672	597487392	1166530
4800	7664	1.0552	9	1.4488	39	1	3.1933	613558085	1333945
4900	7589	1.0515	7	1.4239	33	1	3.0976	637983402	1359671
5000	7940	1.0543	7	1.4522	33	1	3.176	775597415	1294395
5100	7977	1.0524	7	1.4422	29	1	3.1282	791350172	1214143
5200	8096	1.0517	7	1.4244	29	1	3.1138	807245770	1193409
5300	8160	1.0503	8	1.4228	26	1	3.0792	822679056	1227582
5400	8312	1.0502	9	1.4309	38	1	3.0785	839492364	11495577
5500	8520	1.0508	8	1.4264	29	1	3.0982	899788274	2215945
5600	8668	1.0506	9	1.4164	30	1	3.0957	919358555	2168716
5700	8758	1.0497	6	1.4144	29	1	3.073	978713332	1739043
5800	9121	1.0522	8	1.4436	30	1	3.1452	1032888226	5852615
5900	9229	1.0515	7	1.4358	25	1	3.1285	1058422476	1671847
6000	9378	1.0513	9	1.4333	25	1	3.126	1103323497	2000149
6100	9460	1.0503	7	1.429	34	1	3.1016	1127482717	1810079
6200	9784	1.0522	9	1.4424	29	1	3.1561	1171098176	1723299
6300	9868	1.0513	8	1.4367	38	1	3.1327	1202773409	5662161
6400	9958	1.0504	9	1.433	36	1	3.1119	1228950824	1223742
6500	10115	1.0504	9	1.4337	40	1	3.1123	1255372834	2434046
6600	10317	1.0508	7	1.4388	36	1	3.1264	1315787778	1745571
6700	10215	1.0479	7	1.4146	24	1	3.0493	1337037201	1854621
6800	10738	1.0518	7	1.4416	28	1	3.1582	1380649971	2879078
6900	10572	1.0483	7	1.4161	30	1	3.0643	1463986952	2500858
7000	10797	1.0489	9	1.43	39	1	3.0849	1495497842	8351937
7100	10973	1.0491	8	1.4224	38	1	3.091	1549925393	4091301
7200	11242	1.0502	10	1.4315	28	1	3.1228	1650676611	2963553
7300	11551	1.0516	9	1.4415	39	1	3.1647	1697148492	27975975
7400	11605	1.0505	9	1.4347	30	1	3.1365	1748742659	2672113
7500	11846	1.0512	8	1.4423	49	1	3.1589	1813255431	2452861
7600	11879	1.05	8	1.4325	47	1	3.1261	1855942811	2379905
7700	12039	1.0499	9	1.4353	31	1	3.127	1905323721	2175244
7800	12307	1.0509	8	1.4474	31	1	3.1556	1939448743	3289936
7900	12541	1.0515	8	1.4462	37	1	3.1749	1972200271	2184843
8000	12610	1.0506	8	1.4376	35	1	3.1525	2002276230	2290821
8100	12516	1.0484	7	1.4232	29	1	3.0904	2041119591	2467452
8200	13009	1.0512	7	1.4516	32	1	3.1729	2068836764	2291973
8300	12917	1.049	9	1.4299	33	1	3.1125	2156104927	2489339
8400	13193	1.05	10	1.4369	33	1	3.1412	2183848211	2906724
8500	13350	1.0499	10	1.4351	41	1	3.1412	2316543831	2551927
8600	13514	1.0499	7	1.4408	35	1	3.1428	2354856149	5244391
8700	13574	1.049	11	1.4303	32	1	3.1205	2394259353	2891749
8800	13777	1.0494	7	1.436	36	1	3.1311	2441041490	2461693
8900	14104	1.0506	8	1.4446	34	1	3.1694	2526504565	4665351
9000	14226	1.0503	8	1.4407	33	1	3.1613	2590328862	2619124
9100	14313	1.0497	10	1.4368	37	1	3.1457	2685250888	15124183
9200	14424	1.0493	9	1.4398	33	1	3.1357	2750876817	3211221
9300	14686	1.05	8	1.4427	31	1	3.1583	2810768013	2787307
9400	14630	1.0484	12	1.4337	33	1	3.1128	2866291059	2940131
9500	14838	1.0487	8	1.4311	30	1	3.1238	2925809410	2152973
9600	14978	1.0485	9	1.4354	36	1	3.1204	3005425246	4536334
9700	14911	1.0468	9	1.4246	33	1	3.0744	3068930073	6537635
9800	15402	1.0492	9	1.443	41	1	3.1433	3105658860	2671729
9900	15499	1.0487	9	1.4368	36	1	3.1311	3190523311	34586565
10000	15543	1.0479	8	1.4304	37	1	3.1086	3263463664	3646269
Done in 3263463664 ns
Start computing the 2th graph now

Nodes	Edges	Alpha	Max_Dep	Average_Dep	Max_Deg	Min_Deg	Avg_Deg	Graph_Time	Analysis_time	Diameter
100	144	1.0792	4	1.37	9	1	2.88	220788	23039
200	295	1.0734	4	1.375	15	1	2.95	676572	20734
300	457	1.0738	8	1.44	16	1	3.0467	1580459	47230
400	695	1.0922	9	1.535	24	1	3.475	2952033	50301
500	742	1.0635	7	1.354	17	1	2.968	4530957	57980
600	914	1.0658	5	1.4183	20	1	3.0467	6316462	71805
700	1085	1.0669	7	1.4229	18	1	3.1	8118862	69116
800	1227	1.064	5	1.3913	23	1	3.0675	10258396	99067
900	1360	1.0607	6	1.3956	23	1	3.0222	34336596	266098
1000	1576	1.0659	9	1.448	21	1	3.152	65056104	141305
1100	1758	1.067	8	1.4591	21	1	3.1964	68490417	158967
1200	1850	1.0611	8	1.4275	27	1	3.0833	71767298	138616
1300	2010	1.0608	6	1.4192	25	1	3.0923	76334733	246131
1400	2181	1.0612	10	1.4243	21	1	3.1157	80205630	456936
1500	2300	1.0584	6	1.4193	17	1	3.0667	85274927	239604
1600	2438	1.0571	8	1.4006	20	1	3.0475	89764414	217333
1700	2578	1.056	8	1.4088	26	1	3.0329	139452891	467303
1800	2838	1.0607	6	1.4317	27	1	3.1533	144836283	249971
1900	2988	1.06	7	1.4379	21	1	3.1453	149994663	305263
2000	3093	1.0574	8	1.4245	29	1	3.093	155699446	369388
2100	3244	1.0568	9	1.4271	20	1	3.0895	161755186	327151
2200	3476	1.0594	7	1.4477	31	1	3.16	173845931	503781
2300	3576	1.057	8	1.4217	24	1	3.1096	180706108	390123
2400	3743	1.0571	7	1.4325	29	1	3.1192	187421140	453480
2500	3990	1.0598	7	1.4576	25	1	3.192	194921027	1002955
2600	4054	1.0565	6	1.4304	25	1	3.1185	215227012	4419219
2700	4316	1.0594	7	1.4593	29	1	3.197	253940205	521444
2800	4422	1.0576	7	1.4454	27	1	3.1586	262120888	638173
2900	4645	1.0591	8	1.449	41	1	3.2034	270544246	959181
3000	4674	1.0554	7	1.4317	25	1	3.116	278652356	21069721
3100	4871	1.0562	8	1.4368	28	1	3.1426	287863256	533348
3200	5013	1.0556	9	1.4322	25	1	3.1331	297543378	630879
3300	5212	1.0564	10	1.4479	33	1	3.1588	308662655	719578
3400	5312	1.0549	8	1.4294	30	1	3.1247	319244745	712666
3500	5414	1.0535	7	1.4229	24	1	3.0937	329846417	696539
3600	5678	1.0556	7	1.4533	37	1	3.1544	351243673	953421
3700	5695	1.0525	7	1.4159	36	1	3.0784	362590650	811732
3800	5856	1.0525	8	1.4171	25	1	3.0821	373928411	842067
3900	6034	1.0528	7	1.4351	26	1	3.0944	385673575	1083206
4000	6218	1.0532	8	1.4303	25	1	3.109	397403764	891217
4100	6435	1.0542	9	1.4371	35	1	3.139	441719217	1105093
4200	6472	1.0518	6	1.4224	28	1	3.0819	480875522	1061704
4300	6818	1.0551	9	1.4505	30	1	3.1712	494180410	1049416
4400	6836	1.0525	8	1.4316	28	1	3.1073	508535098	1231422
4500	7108	1.0543	8	1.4367	43	1	3.1591	526589812	1178049
4600	7366	1.0558	6	1.4611	32	1	3.2026	571886333	10732225
4700	7434	1.0542	8	1.4485	32	1	3.1634	590112686	1345464
4800	7618	1.0545	7	1.4563	39	1	3.1742	644413909	1743266
4900	7598	1.0516	8	1.4233	34	1	3.1012	659915928	2384512
5000	7765	1.0517	8	1.4302	24	1	3.106	738991889	1335865
5100	8120	1.0545	11	1.4512	27	1	3.1843	765187352	2736238
5200	8173	1.0528	7	1.4481	31	1	3.1435	811716830	1510959
5300	8227	1.0513	7	1.4317	22	1	3.1045	828591575	1327033
5400	8594	1.0541	10	1.4406	39	1	3.183	868073495	1388469
5500	8485	1.0503	8	1.426	32	1	3.0855	885598701	1895322
5600	8893	1.0536	7	1.448	32	1	3.1761	903746722	1704100
5700	8822	1.0505	8	1.4321	32	1	3.0954	998164198	1403445
5800	9077	1.0517	8	1.4345	28	1	3.13	1016215072	1478705
5900	9145	1.0505	8	1.4224	40	1	3.1	1047226020	1606570
6000	9355	1.0511	8	1.435	35	1	3.1183	1069694194	2351106
6100	9581	1.0518	7	1.4356	38	1	3.1413	1093313922	1596970
6200	9657	1.0507	9	1.4271	34	1	3.1152	1115213807	1418804
6300	9753	1.05	8	1.4317	34	1	3.0962	1197091667	1085126
6400	9977	1.0507	8	1.4297	31	1	3.1178	1217479824	1379254
6500	10194	1.0513	7	1.4354	36	1	3.1366	1298070584	1463729
6600	10255	1.0501	8	1.4238	37	1	3.1076	1320205464	2101135
6700	10438	1.0503	9	1.4245	34	1	3.1158	1386996771	1866141
6800	10747	1.0519	8	1.4443	28	1	3.1609	1446928668	2256264
6900	10723	1.0499	8	1.4333	30	1	3.1081	1499369510	1784737
7000	10807	1.0491	12	1.4233	29	1	3.0877	1593395711	2381057
7100	11138	1.0508	8	1.4397	47	1	3.1375	1616179132	41620685
7200	11195	1.0497	8	1.4324	28	1	3.1097	1683347890	3474246
7300	11524	1.0513	7	1.45	40	1	3.1573	1720805470	33651959
7400	11587	1.0503	9	1.4338	28	1	3.1316	1790909751	2074257
7500	11881	1.0516	7	1.4453	36	1	3.1683	1834487964	2036627
7600	11946	1.0506	9	1.4408	28	1	3.1437	1888303069	5466332
7700	12024	1.0498	8	1.433	30	1	3.1231	1931243491	5559254
7800	12215	1.05	9	1.431	28	1	3.1321	1963149496	38221315
7900	12316	1.0495	9	1.4316	30	1	3.118	1997774076	4767873
8000	12244	1.0474	8	1.4148	32	1	3.061	2051189074	27922218
8100	12670	1.0497	9	1.4407	33	1	3.1284	2082979886	2258567
8200	12830	1.0497	8	1.4384	36	1	3.1293	2116102338	2232840
8300	12771	1.0478	8	1.4195	35	1	3.0773	2180108257	4649607
8400	13143	1.0495	9	1.4354	36	1	3.1293	2247326165	2420223
8500	12937	1.0464	7	1.4055	28	1	3.044	2283181782	2824553
8600	13375	1.0487	8	1.4274	34	1	3.1105	2354264827	2362242
8700	13417	1.0478	8	1.4216	30	1	3.0844	2425138603	3076059
8800	13743	1.0491	8	1.4377	33	1	3.1234	2466705147	2397951
8900	14118	1.0507	8	1.4481	38	1	3.1726	2536997962	2498938
9000	13964	1.0482	10	1.4309	39	1	3.1031	2702743078	2527737
9100	14215	1.0489	9	1.4347	41	1	3.1242	2743097783	2449405
9200	14259	1.048	8	1.4264	31	1	3.0998	2812430649	2736621
9300	14484	1.0485	8	1.4299	34	1	3.1148	2918213917	34983600
9400	14656	1.0485	9	1.4289	35	1	3.1183	3034411860	749528
9500	14721	1.0478	9	1.4233	32	1	3.0992	3085737626	2674801
9600	15097	1.0494	8	1.4372	41	1	3.1452	3182281580	5004788
9700	15047	1.0478	7	1.4292	34	1	3.1025	3223425363	2773484
9800	15134	1.0473	8	1.423	29	1	3.0886	3353852048	2804202
9900	15573	1.0492	9	1.4443	43	1	3.1461	3391663657	8524344
10000	15751	1.0493	10	1.4415	32	1	3.1502	3427308469	3011551
Done in 3427308469 ns
Start computing the 3th graph now

Nodes	Edges	Alpha	Max_Dep	Average_Dep	Max_Deg	Min_Deg	Avg_Deg	Graph_Time	Analysis_time	Diameter
100	185	1.1336	7	1.66	14	1	3.7	306800	24574
200	307	1.0809	4	1.43	17	1	3.07	781782	21887
300	426	1.0615	5	1.3367	17	1	2.84	1428404	27262
400	651	1.0813	7	1.4875	21	1	3.255	2636019	42622
500	784	1.0724	8	1.434	28	1	3.136	3921966	42622
600	936	1.0695	7	1.4183	23	1	3.12	8360001	80636
700	1185	1.0804	6	1.5129	27	1	3.3857	10962998	87163
800	1260	1.068	6	1.4475	25	1	3.15	13060293	74492
900	1383	1.0632	7	1.4056	20	1	3.0733	18281262	147832
1000	1560	1.0644	7	1.443	22	1	3.12	20872355	114426
1100	1711	1.0631	5	1.44	27	1	3.1109	23979517	125945
1200	1831	1.0596	7	1.4058	18	1	3.0517	27174994	143993
1300	1990	1.0594	6	1.42	20	1	3.0615	30513695	158200
1400	2192	1.0619	7	1.4279	23	1	3.1314	35231650	185078
1500	2379	1.0631	9	1.4407	27	1	3.172	39268042	210037
1600	2517	1.0614	7	1.4531	28	1	3.1463	44924443	245747
1700	2643	1.0593	6	1.4241	28	1	3.1094	49697308	226548
1800	2803	1.0591	7	1.4328	25	1	3.1144	54626068	251507
1900	2995	1.0603	9	1.4647	25	1	3.1526	59776768	265330
2000	3091	1.0573	8	1.4335	20	1	3.091	65189343	288752
2100	3227	1.0562	7	1.42	27	1	3.0733	70723255	300272
2200	3461	1.0589	6	1.4445	40	1	3.1464	104660511	445032
2300	3684	1.0609	9	1.46	26	1	3.2035	127213544	1188800
2400	3698	1.0555	6	1.4279	29	1	3.0817	136943200	595169
2500	3923	1.0576	8	1.4332	24	1	3.1384	147599398	3316047
2600	4077	1.0572	6	1.4369	33	1	3.1362	176874760	1933336
2700	4215	1.0564	7	1.4315	29	1	3.1222	227404920	512229
2800	4387	1.0566	10	1.4386	31	1	3.1336	235301073	534499
2900	4507	1.0553	8	1.4276	32	1	3.1083	246136973	17603154
3000	4667	1.0552	6	1.4317	26	1	3.1113	259013340	981067
3100	4827	1.0551	6	1.4268	25	1	3.1142	269568167	573665
3200	4976	1.0547	7	1.4247	28	1	3.11	279989753	602080
3300	5186	1.0558	10	1.4479	30	1	3.143	295801643	638174
3400	5262	1.0537	6	1.4218	28	1	3.0953	322877955	696923
3500	5584	1.0572	9	1.4614	28	1	3.1909	333594053	762967
3600	5649	1.055	7	1.4422	36	1	3.1383	350569784	2070417
3700	5783	1.0544	8	1.4395	33	1	3.1259	362566070	1027913
3800	5912	1.0536	6	1.4318	34	1	3.1116	380788583	1061703
3900	6066	1.0534	6	1.4259	35	1	3.1108	395906623	1048264
4000	6400	1.0567	8	1.452	33	1	3.2	409245301	1837342
4100	6517	1.0557	7	1.4488	43	1	3.179	442115478	2839912
4200	6638	1.0549	7	1.4486	44	1	3.161	457301098	1037897
4300	6767	1.0542	8	1.4388	31	1	3.1474	471922651	1027913
4400	6842	1.0526	6	1.4236	36	1	3.11	485957100	1329721
4500	6913	1.051	9	1.4196	27	1	3.0724	527143505	1147331
4600	7239	1.0538	7	1.4361	28	1	3.1474	545444733	1102405
4700	7457	1.0546	8	1.4479	29	1	3.1732	589849269	1478705
4800	7354	1.0503	8	1.4096	40	1	3.0642	605294843	1179201
4900	7668	1.0527	8	1.4345	37	1	3.1298	656342224	1669543
5000	7663	1.0501	7	1.4104	24	1	3.0652	673190475	1332024
5100	7938	1.0518	8	1.4269	36	1	3.1129	699352915	1315130
5200	8169	1.0528	10	1.4412	36	1	3.1419	731236649	1351992
5300	8526	1.0554	9	1.4538	40	1	3.2174	752302529	1706789
5400	8511	1.0529	7	1.4415	27	1	3.1522	771264586	1730211
5500	8710	1.0534	9	1.4473	36	1	3.1673	800137921	1421108
5600	8652	1.0504	8	1.4302	30	1	3.09	830199672	1708325
5700	8753	1.0496	8	1.4175	30	1	3.0712	861105410	1461810
5800	9119	1.0522	8	1.4407	33	1	3.1445	883095529	1506351
5900	9424	1.0539	10	1.459	30	1	3.1946	902131311	1490225
6000	9211	1.0493	7	1.4168	37	1	3.0703	1057543923	1569324
6100	9488	1.0507	7	1.4362	37	1	3.1108	1094042706	3031902
6200	9806	1.0525	9	1.4479	41	1	3.1632	1142670633	773335
6300	9914	1.0518	7	1.4405	22	1	3.1473	1236938357	12790739
6400	10029	1.0513	9	1.4389	34	1	3.1341	1332469758	2611829
6500	10225	1.0516	9	1.4388	43	1	3.1462	1453554992	1745186
6600	10222	1.0497	7	1.4264	38	1	3.0976	1509380613	1846557
6700	10298	1.0488	8	1.4173	35	1	3.074	1534362316	1752482
6800	10767	1.0521	8	1.446	32	1	3.1668	1564426755	2195978
6900	10703	1.0497	7	1.4304	40	1	3.1023	1595016478	2756205
7000	10798	1.049	7	1.4251	36	1	3.0851	1626951282	1928729
7100	11219	1.0516	8	1.4445	32	1	3.1603	1652258984	2350722
7200	11333	1.0511	9	1.4464	32	1	3.1481	1710747118	1888795
7300	11470	1.0508	9	1.4407	33	1	3.1425	1734205574	1937561
7400	11593	1.0504	7	1.4405	32	1	3.1332	1787969610	3026526
7500	11832	1.0511	7	1.4389	41	1	3.1552	1818405741	2001301
7600	11939	1.0505	9	1.4338	37	1	3.1418	1892578668	2475515
7700	12114	1.0506	9	1.4432	39	1	3.1465	1923355773	2075025
7800	12185	1.0498	8	1.4346	27	1	3.1244	1969856069	2123406
7900	12406	1.0503	8	1.439	54	1	3.1408	2064189838	4103588
8000	12550	1.0501	7	1.4348	35	1	3.1375	2114331795	2269319
8100	12499	1.0482	9	1.4221	34	1	3.0862	2142963607	2176396
8200	12582	1.0475	7	1.4188	28	1	3.0688	2176579089	2327683
8300	13002	1.0497	9	1.4399	36	1	3.133	2213508697	2494330
8400	13171	1.0498	8	1.4442	47	1	3.136	2297279191	4233374
8500	13060	1.0475	8	1.4152	33	1	3.0729	2374102728	2652146
8600	13483	1.0496	8	1.442	32	1	3.1356	2407138401	2310788
8700	13449	1.048	9	1.4223	30	1	3.0917	2486561479	2413311
8800	13717	1.0489	8	1.4313	31	1	3.1175	2536805191	2453245
8900	13885	1.0489	8	1.438	46	1	3.1202	2609445273	2363394
9000	14102	1.0493	11	1.4327	41	1	3.1338	2694885310	3516484
9100	14262	1.0493	9	1.4307	37	1	3.1345	2780945089	2940515
9200	14383	1.049	8	1.4343	48	1	3.1267	2812147644	16069540
9300	14540	1.0489	8	1.434	31	1	3.1269	2892579436	2894437
9400	14668	1.0486	7	1.4352	26	1	3.1209	2993387099	3606719
9500	14686	1.0476	8	1.4249	31	1	3.0918	3094187849	2889446
9600	15023	1.0488	8	1.4351	35	1	3.1298	3184428781	2619508
9700	15197	1.0489	9	1.4427	35	1	3.1334	3216187722	2700911
9800	15369	1.049	8	1.4342	31	1	3.1365	3269390763	17310946
9900	15608	1.0495	8	1.444	46	1	3.1531	3332210954	22375251
10000	15471	1.0474	9	1.424	42	1	3.0942	3370539015	2914404
Done in 3370539015 ns
Start computing the 4th graph now

Nodes	Edges	Alpha	Max_Dep	Average_Dep	Max_Deg	Min_Deg	Avg_Deg	Graph_Time	Analysis_time	Diameter
100	149	1.0866	5	1.36	16	1	2.98	241139	23807
200	308	1.0815	5	1.4	16	1	3.08	1546286	35711
300	449	1.0707	5	1.3833	16	1	2.9933	2230538	26878
400	615	1.0718	5	1.4175	24	1	3.075	3397067	83708
500	747	1.0646	5	1.382	21	1	2.988	4740611	95227
600	924	1.0675	7	1.4217	16	1	3.08	6826388	113658
700	1093	1.068	6	1.4386	27	1	3.1229	11642642	88315
800	1372	1.0807	8	1.5363	26	1	3.43	14034066	79100
900	1427	1.0678	6	1.4433	30	1	3.1711	16420115	84475
1000	1510	1.0597	5	1.404	29	1	3.02	18961675	102138
1100	1699	1.0621	7	1.4291	22	1	3.0891	26494584	504165
1200	1915	1.0659	7	1.4567	30	1	3.1917	30703767	245747
1300	2035	1.0625	8	1.4362	20	1	3.1308	38185607	3632445
1400	2194	1.062	7	1.4393	30	1	3.1343	42408997	178550
1500	2331	1.0603	6	1.4307	24	1	3.108	46361297	199669
1600	2483	1.0596	10	1.4156	24	1	3.1038	50591982	429673
1700	2644	1.0594	8	1.4235	26	1	3.1106	55134459	316015
1800	2879	1.0627	7	1.4528	25	1	3.1989	60087410	239987
1900	2975	1.0594	7	1.4363	22	1	3.1316	66142382	486118
2000	3132	1.059	6	1.4405	25	1	3.132	71458962	291825
2100	3297	1.059	9	1.4362	21	1	3.14	77023593	298352
2200	3352	1.0547	7	1.41	29	1	3.0473	87040465	406251
2300	3510	1.0546	7	1.4113	29	1	3.0522	95352852	461543
2400	3856	1.0609	7	1.4575	23	1	3.2133	107177499	428521
2500	3981	1.0595	7	1.4572	33	1	3.1848	114484628	471527
2600	4222	1.0617	8	1.4746	24	1	3.2477	121925766	478822
2700	4105	1.053	7	1.4041	27	1	3.0407	130713520	621279
2800	4386	1.0565	7	1.4386	31	1	3.1329	140264625	905424
2900	4507	1.0553	7	1.4328	26	1	3.1083	149196755	603615
3000	4625	1.0541	7	1.4243	30	1	3.0833	159587239	658909
3100	4859	1.0559	8	1.4365	32	1	3.1348	181164964	1169217
3200	4999	1.0553	7	1.4331	32	1	3.1244	191727471	5402207
3300	5245	1.0572	7	1.4479	40	1	3.1788	201091578	605920
3400	5277	1.0541	8	1.4306	30	1	3.1041	214604967	776406
3500	5433	1.0539	7	1.4269	28	1	3.1046	227022862	709978
3600	5581	1.0535	7	1.4247	44	1	3.1006	237399139	759127
3700	5923	1.0573	9	1.4524	36	1	3.2016	250484391	847442
3800	5811	1.0515	8	1.4053	29	1	3.0584	265381258	2975073
3900	6188	1.0558	9	1.4497	39	1	3.1733	276881826	884305
4000	6302	1.0548	11	1.443	29	1	3.151	305221046	896976
4100	6321	1.052	6	1.4168	31	1	3.0834	317497254	952270
4200	6486	1.0521	7	1.4245	30	1	3.0886	332020509	2245128
4300	6714	1.0533	7	1.4358	26	1	3.1228	348036676	1084358
4400	6946	1.0544	9	1.4405	33	1	3.1573	362622135	1364663
4500	7011	1.0527	9	1.4369	26	1	3.116	379128644	1090117
4600	7033	1.0503	9	1.418	26	1	3.0578	394808061	1159234
4700	7323	1.0524	7	1.4321	34	1	3.1162	414563804	1133508
4800	7424	1.0514	7	1.4177	26	1	3.0933	428529521	2220553
4900	7664	1.0526	8	1.4378	49	1	3.1282	684039050	1239870
5000	7840	1.0528	8	1.4328	22	1	3.136	698862577	1327033
5100	7959	1.0521	8	1.4324	32	1	3.1212	724545427	1379638
5200	8072	1.0514	8	1.429	41	1	3.1046	742159333	1302842
5300	8296	1.0522	7	1.436	38	1	3.1306	762549026	1373494
5400	8359	1.0508	9	1.4157	36	1	3.0959	819749293	1476017
5500	8692	1.0531	8	1.4458	37	1	3.1607	840011121	4899578
5600	8763	1.0519	8	1.438	32	1	3.1296	864274399	1675686
5700	8918	1.0518	7	1.4337	29	1	3.1291	887765110	1475249
5800	9153	1.0526	8	1.4383	34	1	3.1562	915181244	1750947
5900	9211	1.0513	9	1.4361	26	1	3.1224	936030945	1592362
6000	9505	1.0529	7	1.4475	29	1	3.1683	956368801	1532462
6100	9531	1.0512	8	1.4326	33	1	3.1249	1028368404	1369655
6200	9776	1.0521	8	1.4424	38	1	3.1535	1051698996	1487920
6300	9869	1.0513	7	1.443	28	1	3.133	1090768905	1782817
6400	10049	1.0515	9	1.4338	37	1	3.1403	1182078836	1725604
6500	9907	1.048	7	1.4063	45	1	3.0483	1216345931	1590827
6600	10225	1.0498	10	1.4236	38	1	3.0985	1237388773	4803583
6700	10616	1.0522	8	1.4433	25	1	3.169	1265243027	1794720
6800	10558	1.0499	9	1.435	32	1	3.1053	1291598225	1838110
6900	10932	1.0521	10	1.4491	38	1	3.1687	1322338469	1832350
7000	10899	1.05	9	1.4263	27	1	3.114	1343888164	5939778
7100	11168	1.0511	9	1.4418	29	1	3.1459	1377501726	3483461
7200	11336	1.0511	7	1.4415	35	1	3.1489	1447925862	2275462
7300	11382	1.0499	10	1.4303	30	1	3.1184	1471901923	1866524
7400	11571	1.0502	8	1.4351	41	1	3.1273	1507733350	2086544
7500	11866	1.0514	8	1.4452	30	1	3.1643	1598662757	2117262
7600	11944	1.0506	8	1.4399	33	1	3.1432	1644519119	2247048
7700	12085	1.0504	8	1.4379	29	1	3.139	1729664643	2592245
7800	12221	1.0501	9	1.4358	38	1	3.1336	1755976835	2593397
7900	12368	1.0499	8	1.4408	30	1	3.1311	1803558801	3234643
8000	12390	1.0487	7	1.424	43	1	3.0975	1870275231	2678641
8100	12558	1.0487	8	1.4242	41	1	3.1007	1932622359	7815133
8200	12791	1.0493	8	1.4346	29	1	3.1198	2005086194	3149399
8300	12997	1.0497	8	1.437	36	1	3.1318	2118512958	3285329
8400	12867	1.0472	8	1.4098	36	1	3.0636	2170699222	3489605
8500	13251	1.0491	9	1.4327	30	1	3.1179	2241942770	2632563
8600	13646	1.051	9	1.453	36	1	3.1735	2337697647	2812649
8700	13468	1.0482	9	1.4214	51	1	3.0961	2411015836	2467452
8800	13715	1.0489	8	1.4292	30	1	3.117	2518528547	44878751
8900	13890	1.0489	9	1.4376	29	1	3.1213	2578536089	36385125
9000	13996	1.0485	8	1.4272	41	1	3.1102	2661282510	2564215
9100	14192	1.0487	7	1.4311	34	1	3.1191	2766474450	3029982
9200	14383	1.049	8	1.4341	38	1	3.1267	2852104941	4049831
9300	14460	1.0483	9	1.4265	38	1	3.1097	2970425139	1831966
9400	14617	1.0483	10	1.4235	39	1	3.11	3007617389	4123556
9500	15046	1.0502	9	1.4483	35	1	3.1676	3040199966	2915172
9600	15204	1.0501	9	1.4434	32	1	3.1675	3072867402	2758508
9700	15394	1.0503	10	1.4507	35	1	3.174	3106501698	3067228
9800	15176	1.0476	8	1.4273	35	1	3.0971	3157961856	2932835
9900	15647	1.0498	10	1.4455	40	1	3.161	3240982438	14947552
10000	15563	1.048	8	1.4273	41	1	3.1126	3353503778	3436232
Done in 3353503778 ns
Start computing the 5th graph now

Nodes	Edges	Alpha	Max_Dep	Average_Dep	Max_Deg	Min_Deg	Avg_Deg	Graph_Time	Analysis_time	Diameter
100	158	1.0993	4	1.49	13	1	3.16	254194	23423
200	306	1.0803	6	1.4	13	1	3.06	726489	22271
300	468	1.078	5	1.4767	23	1	3.12	1497520	30718
400	626	1.0748	8	1.405	14	1	3.13	2567287	80252
500	821	1.0798	6	1.468	24	1	3.284	4019881	59133
600	909	1.0649	6	1.4183	24	1	3.03	5995455	113274
700	1076	1.0656	5	1.4329	20	1	3.0743	7790175	84859
800	1302	1.0729	7	1.475	16	1	3.255	9980777	88316
900	1351	1.0597	7	1.4022	18	1	3.0022	12583774	147064
1000	1554	1.0638	8	1.403	24	1	3.108	16064548	240371
1100	1700	1.0622	6	1.4227	21	1	3.0909	20293314	214644
1200	1885	1.0637	6	1.44	21	1	3.1417	23623952	182390
1300	2083	1.0658	7	1.4708	27	1	3.2046	34992432	483047
1400	2237	1.0647	6	1.4436	26	1	3.1957	39047639	205429
1500	2327	1.06	6	1.418	25	1	3.1027	50417271	398955
1600	2524	1.0618	7	1.4519	25	1	3.155	55711964	336366
1700	2620	1.0582	6	1.4118	24	1	3.0824	60361188	302575
1800	2761	1.0571	8	1.4089	26	1	3.0678	65661641	263026
1900	2980	1.0596	7	1.4421	27	1	3.1368	71107238	451944
2000	3112	1.0582	7	1.4275	18	1	3.112	77059304	447336
2100	3239	1.0566	9	1.4248	21	1	3.0848	83159586	392427
2200	3339	1.0542	10	1.4159	25	1	3.0355	89160033	772567
2300	3672	1.0604	7	1.4665	30	1	3.193	96284003	483814
2400	3750	1.0573	7	1.4329	25	1	3.125	150772992	628574
2500	3944	1.0583	9	1.4428	27	1	3.1552	158035195	1114308
2600	4135	1.059	9	1.4469	42	1	3.1808	165863000	548322
2700	4244	1.0572	7	1.4444	36	1	3.1437	174129310	690779
2800	4440	1.0581	8	1.4439	26	1	3.1714	183438508	632031
2900	4476	1.0544	6	1.4245	41	1	3.0869	192661695	686171
3000	4731	1.0569	7	1.4433	34	1	3.154	213199220	829395
3100	4840	1.0554	9	1.4297	25	1	3.1226	222809842	594016
3200	4988	1.055	7	1.4369	36	1	3.1175	237352680	886992
3300	5247	1.0572	8	1.4494	33	1	3.18	256939472	729177
3400	5256	1.0536	7	1.4185	29	1	3.0918	272273308	761047
3500	5501	1.0554	8	1.4406	36	1	3.1434	284243100	774487
3600	5691	1.0559	8	1.4442	41	1	3.1617	296572296	1656487
3700	5792	1.0545	8	1.4365	27	1	3.1308	308292117	876242
3800	5953	1.0545	6	1.4382	26	1	3.1332	327626635	1045960
3900	6082	1.0537	8	1.4341	33	1	3.119	340159724	1057095
4000	6246	1.0537	7	1.429	29	1	3.123	415970708	1171137
4100	6375	1.0531	8	1.4266	25	1	3.1098	428527988	1444146
4200	6465	1.0517	7	1.4167	27	1	3.0786	441696564	1034824
4300	6813	1.055	8	1.4423	28	1	3.1688	455743684	1084742
4400	6814	1.0521	9	1.4216	26	1	3.0973	472118104	1696805
4500	6954	1.0517	7	1.4204	31	1	3.0907	490645497	1495600
4600	7120	1.0518	9	1.4309	33	1	3.0957	508212557	1214527
4700	7313	1.0523	8	1.4306	41	1	3.1119	548044665	1452594
4800	7400	1.0511	7	1.4192	36	1	3.0833	579128954	1418420
4900	7862	1.0556	9	1.4518	33	1	3.209	595799039	1324729
5000	7808	1.0523	8	1.4278	34	1	3.1232	612393095	1556269
5100	8192	1.0555	8	1.4622	28	1	3.2125	629611501	1516719
5200	8110	1.0519	8	1.4269	26	1	3.1192	647564076	1714468
5300	8233	1.0514	7	1.4264	26	1	3.1068	703218827	6460839
5400	8361	1.0509	9	1.4233	29	1	3.0967	723720642	1467569
5500	8713	1.0534	8	1.4455	35	1	3.1684	807239246	1670695
5600	8816	1.0526	9	1.438	29	1	3.1486	858003634	1488689
5700	8897	1.0515	7	1.4314	26	1	3.1218	917247824	2079248
5800	9136	1.0524	11	1.4472	30	1	3.1503	949192995	2010900
5900	9275	1.0521	9	1.4373	27	1	3.1441	973937783	1880347
6000	9483	1.0526	9	1.4495	32	1	3.161	1000277621	741848
6100	9676	1.0529	9	1.4541	29	1	3.1725	1019031562	1552813
6200	9761	1.052	8	1.4413	41	1	3.1487	1038505080	1464497
6300	9814	1.0507	7	1.4357	33	1	3.1156	1058202458	1490608
6400	10044	1.0514	8	1.4311	29	1	3.1388	1083057065	6546466
6500	10206	1.0514	8	1.4342	30	1	3.1403	1105191176	1630377
6600	10416	1.0519	8	1.4441	30	1	3.1564	1167417351	1654568
6700	10414	1.0501	8	1.43	30	1	3.1087	1245950749	1932569
6800	10640	1.0507	9	1.4275	33	1	3.1294	1270178701	2278150
6900	10701	1.0496	9	1.4288	40	1	3.1017	1378530408	1874588
7000	10908	1.0501	8	1.4307	38	1	3.1166	1453228236	2946659
7100	10945	1.0488	7	1.423	27	1	3.0831	1529106800	3096410
7200	11145	1.0492	8	1.4261	37	1	3.0958	1554154164	1974422
7300	11360	1.0497	7	1.429	40	1	3.1123	1603498596	2199051
7400	11497	1.0495	8	1.4316	40	1	3.1073	1697328968	1987478
7500	11834	1.0511	7	1.4437	40	1	3.1557	1767349926	3270737
7600	11824	1.0495	7	1.428	30	1	3.1116	1833703880	2336131
7700	11966	1.0493	11	1.4327	28	1	3.1081	1899633921	2629107
7800	12235	1.0502	9	1.4382	36	1	3.1372	1926869584	2152205
7900	12336	1.0497	8	1.4381	32	1	3.123	1974367842	2182155
8000	12467	1.0494	8	1.4388	35	1	3.1168	2000728031	2143758
8100	12470	1.0479	8	1.4199	34	1	3.079	2052324503	2505850
8200	12754	1.049	9	1.4302	28	1	3.1107	2093759726	2657137
8300	12989	1.0496	9	1.4346	34	1	3.1299	2122280952	2368001
8400	12991	1.0483	8	1.4254	41	1	3.0931	2149901747	2397952
8500	13107	1.0479	8	1.4185	40	1	3.084	2241096867	2519673
8600	13365	1.0487	8	1.434	29	1	3.1081	2295623486	2469756
8700	13878	1.0515	8	1.4568	38	1	3.1903	2326671681	2613365
8800	13893	1.0503	8	1.441	46	1	3.1575	2377385768	3066844
8900	13770	1.048	10	1.4236	45	1	3.0944	2481621599	2916708
9000	14334	1.0511	8	1.4552	39	1	3.1853	2534678345	2544248
9100	14123	1.0482	10	1.4258	34	1	3.104	2566607388	2585718
9200	14609	1.0507	8	1.4483	34	1	3.1759	2693433499	2715503
9300	14574	1.0492	8	1.438	29	1	3.1342	2730017525	2343811
9400	14891	1.0503	8	1.4449	36	1	3.1683	2765489547	2569206
9500	14991	1.0498	8	1.442	33	1	3.156	2803705486	2612980
9600	15019	1.0488	7	1.4313	42	1	3.129	2836212035	2985825
9700	15158	1.0486	7	1.4352	34	1	3.1254	2870398878	2700528
9800	15266	1.0482	8	1.428	43	1	3.1155	2909397367	2788459
9900	15487	1.0486	8	1.4361	35	1	3.1287	2951511466	2728942
10000	15510	1.0477	8	1.4249	34	1	3.102	3024371184	10037223
Done in 3024371184 ns
Start computing the 6th graph now

Nodes	Edges	Alpha	Max_Dep	Average_Dep	Max_Deg	Min_Deg	Avg_Deg	Graph_Time	Analysis_time	Diameter
100	139	1.0715	4	1.29	12	1	2.78	314479	25343
200	298	1.0753	5	1.37	20	1	2.98	1061319	190838
300	439	1.0667	6	1.36	14	1	2.9267	1775137	28031
400	582	1.0626	5	1.3625	16	1	2.91	2703983	36478
500	750	1.0652	6	1.41	14	1	3.0	3879344	76412
600	894	1.0623	5	1.4017	20	1	2.98	5483994	59517
700	1057	1.0629	6	1.4114	15	1	3.02	24603867	156279
800	1267	1.0688	6	1.4575	20	1	3.1675	26701163	207733
900	1424	1.0675	7	1.4333	23	1	3.1644	29684299	165496
1000	1544	1.0629	6	1.412	23	1	3.088	32257729	156664
1100	1675	1.06	7	1.4055	20	1	3.0455	35251232	141305
1200	1858	1.0617	8	1.4308	21	1	3.0967	38876766	173175
1300	2000	1.0601	8	1.4246	21	1	3.0769	42366755	153592
1400	2202	1.0625	7	1.4429	25	1	3.1457	100136464	189686
1500	2318	1.0595	7	1.4273	26	1	3.0907	104249268	280305
1600	2496	1.0603	8	1.43	21	1	3.12	109429919	209653
1700	2634	1.0589	6	1.4318	19	1	3.0988	114369815	282993
1800	2855	1.0615	10	1.4467	27	1	3.1722	119975915	259570
1900	2902	1.0561	6	1.4163	28	1	3.0547	124982239	703450
2000	3061	1.056	6	1.41	23	1	3.061	131480707	357101
2100	3268	1.0578	8	1.4257	21	1	3.1124	137512640	334062
2200	3394	1.0563	8	1.4291	22	1	3.0855	143337225	793685
2300	3515	1.0548	7	1.4143	29	1	3.0565	149462081	397419
2400	3696	1.0555	7	1.4275	33	1	3.08	161286344	597088
2500	3862	1.0556	7	1.4264	26	1	3.0896	168720186	456552
2600	4025	1.0556	7	1.4262	25	1	3.0962	176107567	508773
2700	4098	1.0528	8	1.407	26	1	3.0356	183528738	526052
2800	4256	1.0528	7	1.4089	26	1	3.04	191373054	568673
2900	4438	1.0534	8	1.4121	42	1	3.0607	201492833	1289019
3000	4657	1.0549	7	1.4257	29	1	3.1047	238520740	1704869
3100	4862	1.056	8	1.4394	24	1	3.1368	278802872	539876
3200	4942	1.0539	6	1.4203	25	1	3.0888	288364344	592864
3300	5171	1.0554	7	1.44	32	1	3.1339	299230962	714202
3400	5326	1.0552	7	1.4297	32	1	3.1329	309785406	665436
3500	5427	1.0537	9	1.4243	29	1	3.1011	338862635	699226
3600	5633	1.0547	6	1.4381	27	1	3.1294	349655529	705371
3700	5781	1.0543	9	1.4268	26	1	3.1249	360604319	713434
3800	6036	1.0561	7	1.4542	35	1	3.1768	396910729	1075142
3900	6089	1.0539	10	1.4318	31	1	3.1226	408855562	1284795
4000	6276	1.0543	7	1.4418	35	1	3.138	421046142	915023
4100	6391	1.0534	8	1.431	32	1	3.1176	433498980	978764
4200	6685	1.0557	6	1.4524	34	1	3.1833	485735545	1295163
4300	6717	1.0533	8	1.4291	34	1	3.1242	537091261	1008714
4400	6760	1.0512	6	1.422	53	1	3.0727	575324479	1252925
4500	7218	1.0562	8	1.4596	30	1	3.208	628156212	2734702
4600	7340	1.0554	7	1.455	31	1	3.1913	642809252	1244861
4700	7307	1.0522	6	1.4309	26	1	3.1094	657265310	1096262
4800	7489	1.0525	8	1.431	34	1	3.1204	675536204	1355447
4900	7773	1.0543	7	1.4514	34	1	3.1727	691289345	1264828
5000	7740	1.0513	7	1.4216	34	1	3.096	707244843	1455282
5100	7906	1.0514	10	1.4186	29	1	3.1004	767441686	1270972
5200	8283	1.0544	8	1.4579	32	1	3.1858	871774280	15239760
5300	8374	1.0533	9	1.4374	29	1	3.16	889595151	2809194
5400	8270	1.0496	9	1.408	30	1	3.063	965345466	1376183
5500	8610	1.052	8	1.4347	31	1	3.1309	991667258	16114466
5600	8853	1.0531	9	1.4455	32	1	3.1618	1029099495	1509808
5700	8834	1.0507	11	1.4286	30	1	3.0996	1050254075	1603499
5800	9029	1.0511	8	1.4312	32	1	3.1134	1070351944	1513263
5900	9329	1.0528	8	1.4469	29	1	3.1624	1183441573	913103
6000	9348	1.051	9	1.4348	32	1	3.116	1201403748	1760161
6100	9591	1.0519	7	1.4387	28	1	3.1446	1276429494	1443763
6200	9693	1.0512	8	1.4365	37	1	3.1268	1341762831	3000799
6300	9878	1.0514	7	1.4338	39	1	3.1359	1363633917	1547053
6400	10088	1.0519	8	1.445	40	1	3.1525	1412477256	1991317
6500	10213	1.0515	8	1.4334	35	1	3.1425	1509966184	3111770
6600	10227	1.0498	7	1.4265	35	1	3.0991	1555867856	10913465
6700	10285	1.0486	9	1.4146	29	1	3.0701	1631142420	2582646
6800	10618	1.0505	9	1.4319	31	1	3.1229	1669359896	1826591
6900	10550	1.048	7	1.4114	32	1	3.058	1722381315	1830814
7000	10908	1.0501	9	1.4281	32	1	3.1166	1745093699	2474748
7100	11127	1.0507	8	1.438	35	1	3.1344	1767819907	1889179
7200	11189	1.0496	8	1.4311	33	1	3.1081	1805603869	2045842
7300	11541	1.0515	10	1.4474	33	1	3.1619	1829850636	2179851
7400	11481	1.0493	7	1.4369	40	1	3.103	1867351990	2049298
7500	11825	1.051	9	1.4483	37	1	3.1533	1892718057	2863334
7600	11907	1.0502	11	1.4339	27	1	3.1334	1940849498	2423295
7700	12117	1.0507	9	1.4442	37	1	3.1473	2005275875	2152205
7800	12113	1.0491	8	1.4201	58	1	3.1059	2031485928	2120719
7900	12264	1.049	10	1.4304	30	1	3.1048	2069912672	2231305
8000	12456	1.0493	9	1.4328	34	1	3.114	2106562743	2200586
8100	12591	1.049	8	1.4281	29	1	3.1089	2138246039	3162839
8200	12727	1.0488	9	1.4294	37	1	3.1041	2164646546	4905722
8300	13197	1.0514	9	1.4507	34	1	3.18	2201478624	4255644
8400	13048	1.0487	8	1.4351	30	1	3.1067	2233119299	3595968
8500	13342	1.0498	8	1.4434	41	1	3.1393	2273498195	2252807
8600	13386	1.0488	7	1.433	35	1	3.113	2303153696	2312325
8700	13791	1.0508	9	1.4454	47	1	3.1703	2336518439	2268167
8800	14014	1.0512	9	1.4482	29	1	3.185	2373226491	2341507
8900	13931	1.0493	10	1.4349	42	1	3.1306	2456616461	16177439
9000	13805	1.047	8	1.4206	31	1	3.0678	2492193310	2702063
9100	14402	1.0504	9	1.4544	38	1	3.1653	2528965486	4830846
9200	14440	1.0494	8	1.4426	40	1	3.1391	2618620081	1477937
9300	14709	1.0502	8	1.439	39	1	3.1632	2682403676	2399488
9400	14525	1.0476	8	1.4207	42	1	3.0904	2766877620	2611828
9500	14835	1.0487	9	1.4308	35	1	3.1232	2858148000	39130579
9600	14912	1.048	10	1.4246	38	1	3.1067	2908566423	2626035
9700	15077	1.048	9	1.4303	35	1	3.1087	2956131110	2735469
9800	15653	1.051	8	1.4574	44	1	3.1945	2988815058	2916323
9900	15543	1.049	7	1.4364	43	1	3.14	3061768467	4854268
10000	15745	1.0493	9	1.4399	34	1	3.149	3120346453	9629821
Done in 3120346453 ns
Start computing the 7th graph now

Nodes	Edges	Alpha	Max_Dep	Average_Dep	Max_Deg	Min_Deg	Avg_Deg	Graph_Time	Analysis_time	Diameter
100	149	1.0866	5	1.39	12	1	2.98	769111	25343
200	299	1.0759	5	1.365	17	1	2.99	3883952	76028
300	452	1.0719	7	1.3667	18	1	3.0133	4727555	41086
400	610	1.0704	5	1.4125	19	1	3.05	5879494	74876
500	767	1.0689	6	1.434	24	1	3.068	7376629	102523
600	940	1.0702	7	1.445	25	1	3.1333	9253137	121338
700	1134	1.0736	6	1.4871	19	1	3.24	12000126	213876
800	1193	1.0598	6	1.3738	25	1	2.9825	14344704	107514
900	1447	1.0698	8	1.4711	22	1	3.2156	18996232	108666
1000	1543	1.0628	6	1.44	21	1	3.086	21988200	109434
1100	1749	1.0662	7	1.4427	17	1	3.18	24894157	107130
1200	1942	1.0679	9	1.4558	23	1	3.2367	28263192	159736
1300	2057	1.064	7	1.4577	28	1	3.1646	32208965	148601
1400	2122	1.0574	7	1.4029	26	1	3.0314	35803781	162423
1500	2298	1.0583	6	1.4173	23	1	3.064	63773613	226164
1600	2525	1.0618	6	1.45	27	1	3.1563	68226239	190454
1700	2678	1.0611	8	1.4406	35	1	3.1506	73548962	237299
1800	2822	1.06	6	1.4417	30	1	3.1356	78501913	264945
1900	2920	1.0569	10	1.4053	32	1	3.0737	85602461	294129
2000	3082	1.0569	7	1.422	20	1	3.082	91272686	302959
2100	3204	1.0552	8	1.409	23	1	3.0514	117623660	939982
2200	3414	1.0571	7	1.4155	25	1	3.1036	123601836	397803
2300	3667	1.0603	7	1.4448	29	1	3.1887	130605237	370156
2400	3794	1.0588	8	1.4583	22	1	3.1617	137637821	444648
2500	3762	1.0522	8	1.3976	27	1	3.0096	144122850	501093
2600	3935	1.0527	8	1.4035	20	1	3.0269	151913409	991819
2700	4210	1.0562	8	1.4359	26	1	3.1185	160024975	503781
2800	4335	1.0551	6	1.4254	22	1	3.0964	168221401	546018
2900	4565	1.0569	7	1.4469	25	1	3.1483	176685076	547171
3000	4605	1.0535	7	1.4207	31	1	3.07	187018731	599392
3100	4895	1.0568	8	1.4419	35	1	3.1581	214548138	545250
3200	4971	1.0546	7	1.4322	38	1	3.1069	226877719	45331078
3300	5164	1.0553	7	1.4367	27	1	3.1297	236096298	603999
3400	5407	1.0571	7	1.4559	32	1	3.1806	249920326	13241916
3500	5386	1.0528	6	1.4177	36	1	3.0777	286164530	855507
3600	5798	1.0582	8	1.4581	30	1	3.2211	297394010	773334
3700	5791	1.0545	8	1.4414	24	1	3.1303	324527150	1046344
3800	5841	1.0522	6	1.4216	31	1	3.0742	335823826	3818291
3900	6018	1.0525	8	1.4236	31	1	3.0862	346971902	825172
4000	6240	1.0536	7	1.431	38	1	3.12	359024249	886993
4100	6533	1.056	7	1.4532	34	1	3.1868	371812301	930382
4200	6676	1.0555	8	1.4452	25	1	3.179	401459355	1118532
4300	6789	1.0546	7	1.4435	32	1	3.1577	415468462	1002954
4400	6932	1.0542	9	1.447	40	1	3.1509	428720745	1057863
4500	7063	1.0536	10	1.4384	42	1	3.1391	442659199	1089350
4600	7097	1.0514	10	1.4133	32	1	3.0857	456027828	2537336
4700	7380	1.0534	9	1.4413	25	1	3.1404	485141151	1193792
4800	7524	1.053	8	1.4377	26	1	3.135	499329960	1153858
4900	7662	1.0526	9	1.4386	28	1	3.1273	514503292	1229886
5000	7622	1.0495	8	1.4062	29	1	3.0488	528885627	1196480
5100	7963	1.0522	9	1.431	38	1	3.1227	546506060	1289403
5200	8190	1.0531	8	1.4444	27	1	3.15	571661322	1430707
5300	8344	1.0529	8	1.4485	42	1	3.1487	591329902	1315129
5400	8422	1.0517	8	1.4333	37	1	3.1193	607940853	1351992
5500	8560	1.0514	8	1.4356	31	1	3.1127	633669780	1391158
5600	8759	1.0518	7	1.4264	28	1	3.1282	657666192	3734968
5700	8840	1.0507	7	1.4347	29	1	3.1018	677953747	1522478
5800	9045	1.0513	7	1.4317	28	1	3.119	728503107	559074
5900	9264	1.052	9	1.4346	27	1	3.1403	747022436	1498672
6000	9413	1.0518	10	1.4312	25	1	3.1377	766096999	1685670
6100	9443	1.0501	9	1.4287	29	1	3.0961	876890816	2036627
6200	9781	1.0522	7	1.4335	48	1	3.1552	936312789	1722532
6300	9846	1.051	9	1.4244	35	1	3.1257	992669454	1592747
6400	9969	1.0506	9	1.4308	32	1	3.1153	1064662147	1566253
6500	10163	1.0509	8	1.4342	37	1	3.1271	1104697381	1739427
6600	10183	1.0493	9	1.4245	37	1	3.0858	1168698693	1682598
6700	10310	1.0489	8	1.4187	29	1	3.0776	1238313784	1749795
6800	10611	1.0504	10	1.4313	39	1	3.1209	1277028128	1876892
6900	10845	1.0512	10	1.4377	37	1	3.1435	1303461273	1787425
7000	11077	1.0518	8	1.4429	32	1	3.1649	1334493725	2123406
7100	10953	1.0489	8	1.4246	31	1	3.0854	1360265274	5152620
7200	11210	1.0498	9	1.4304	40	1	3.1139	1393380814	1745187
7300	11342	1.0495	8	1.4251	38	1	3.1074	1415868571	1944856
7400	11787	1.0523	10	1.4512	34	1	3.1857	1441546046	11350432
7500	11558	1.0485	8	1.4177	40	1	3.0821	1471268744	3830196
7600	12251	1.0534	8	1.4601	30	1	3.2239	1575572539	2045843
7700	12003	1.0496	8	1.4334	28	1	3.1177	1603972043	5576534
7800	11940	1.0475	7	1.4137	37	1	3.0615	1635825058	2038547
7900	12385	1.0501	8	1.4366	34	1	3.1354	1730350048	2513530
8000	12469	1.0494	9	1.4354	40	1	3.1173	1775732963	2849512
8100	12699	1.05	8	1.4314	34	1	3.1356	1802075105	2149133
8200	12749	1.049	8	1.4279	36	1	3.1095	1834905732	2193675
8300	12918	1.049	7	1.4294	46	1	3.1128	1958245692	2424447
8400	13085	1.0491	8	1.4235	34	1	3.1155	2033088279	2236297
8500	13494	1.0511	9	1.4518	33	1	3.1751	2067218293	2371841
8600	13466	1.0495	7	1.4349	43	1	3.1316	2097193649	2308868
8700	13584	1.0491	8	1.4306	41	1	3.1228	2146930508	2682865
8800	13622	1.0481	7	1.4249	34	1	3.0959	2178166853	2588406
8900	13964	1.0495	8	1.4382	32	1	3.138	2218033904	2392192
9000	14024	1.0487	8	1.4372	34	1	3.1164	2255182765	2444797
9100	14551	1.0515	10	1.4499	35	1	3.198	2315543567	758744
9200	14223	1.0477	7	1.421	28	1	3.092	2373855071	2664433
9300	14612	1.0494	8	1.4344	35	1	3.1424	2427090366	2826089
9400	14569	1.0479	7	1.4239	28	1	3.0998	2481728338	5856455
9500	14672	1.0475	7	1.4248	30	1	3.0888	2515563839	2613749
9600	15164	1.0499	9	1.4436	40	1	3.1592	2557577336	3164758
9700	15060	1.0479	9	1.4273	40	1	3.1052	2626167202	3184342
9800	15163	1.0475	8	1.4222	35	1	3.0945	2659599525	3579457
9900	15349	1.0477	9	1.4289	35	1	3.1008	2696618600	5005940
10000	15667	1.0487	8	1.4352	38	1	3.1334	2728965029	2752365
Done in 2728965029 ns
Start computing the 8th graph now

Nodes	Edges	Alpha	Max_Dep	Average_Dep	Max_Deg	Min_Deg	Avg_Deg	Graph_Time	Analysis_time	Diameter
100	160	1.1021	6	1.49	14	1	3.2	265330	23423
200	307	1.0809	5	1.415	19	1	3.07	751064	19583
300	468	1.078	4	1.4	18	1	3.12	1506351	26111
400	624	1.0742	6	1.4325	26	1	3.12	2522361	39550
500	791	1.0738	5	1.454	18	1	3.164	3802165	43006
600	876	1.0592	4	1.3583	19	1	2.92	5182188	51454
700	1066	1.0642	6	1.4071	18	1	3.0457	6954638	62204
800	1172	1.0571	5	1.3713	14	1	2.93	8810026	67197
900	1418	1.0668	6	1.4333	19	1	3.1511	11214889	89467
1000	1620	1.0698	6	1.469	28	1	3.24	16060326	136312
1100	1739	1.0654	6	1.4455	19	1	3.1618	19064965	114426
1200	1924	1.0666	8	1.4542	24	1	3.2067	22278489	141689
1300	1952	1.0567	9	1.3992	19	1	3.0031	25439023	148984
1400	2184	1.0614	7	1.4307	31	1	3.12	29431641	198518
1500	2363	1.0621	7	1.4453	21	1	3.1507	34171099	218485
1600	2561	1.0638	8	1.4506	26	1	3.2013	40141212	216564
1700	2657	1.06	6	1.4212	27	1	3.1259	44910237	224628
1800	2765	1.0573	6	1.4272	36	1	3.0722	49628961	225780
1900	2960	1.0587	7	1.4332	22	1	3.1158	56093639	825939
2000	2967	1.0519	7	1.383	23	1	2.967	88188178	354413
2100	3269	1.0579	8	1.4319	24	1	3.1133	112035222	484582
2200	3455	1.0586	6	1.4382	26	1	3.1409	119862260	919631
2300	3652	1.0597	8	1.457	31	1	3.1757	181500179	419306
2400	3758	1.0576	8	1.4379	41	1	3.1317	188389538	407403
2500	4030	1.061	9	1.462	35	1	3.224	209043793	589408
2600	4059	1.0566	7	1.4258	26	1	3.1223	216099416	469991
2700	4221	1.0566	9	1.4326	24	1	3.1267	224247844	488038
2800	4390	1.0567	7	1.4368	27	1	3.1357	233787046	511844
2900	4610	1.0581	8	1.4524	29	1	3.1793	269452210	2767724
3000	4604	1.0535	7	1.417	29	1	3.0693	277543042	557539
3100	4846	1.0556	8	1.4348	28	1	3.1265	288670767	589409
3200	4987	1.055	8	1.4375	26	1	3.1169	297655502	2719727
3300	5035	1.0521	7	1.4152	27	1	3.0515	306978523	605535
3400	5310	1.0548	7	1.4244	28	1	3.1235	316774607	617055
3500	5337	1.0517	7	1.3991	30	1	3.0497	337843560	667356
3600	5676	1.0556	7	1.4481	41	1	3.1533	349501560	703066
3700	5702	1.0526	7	1.4141	31	1	3.0822	360150846	1042888
3800	5950	1.0544	8	1.4421	32	1	3.1316	371563484	1045576
3900	6038	1.0529	8	1.4251	32	1	3.0964	382871679	839763
4000	6167	1.0522	8	1.4235	38	1	3.0835	395978050	14304771
4100	6400	1.0535	7	1.4263	28	1	3.122	408404777	903503
4200	6574	1.0537	7	1.4295	34	1	3.1305	421118337	1016777
4300	6626	1.0517	7	1.4274	31	1	3.0819	436161500	1002187
4400	6979	1.055	7	1.4461	31	1	3.1723	452246400	2122254
4500	7024	1.0529	8	1.4384	32	1	3.1218	469604575	1003722
4600	7167	1.0526	7	1.4289	35	1	3.1161	485456015	1004490
4700	7239	1.0511	8	1.4136	31	1	3.0804	499798799	1470642
4800	7619	1.0545	8	1.4463	31	1	3.1746	536097145	1227198
4900	7820	1.055	10	1.4563	33	1	3.1918	571790723	2395648
5000	7881	1.0534	7	1.4416	38	1	3.1524	606377672	1125828
5100	7929	1.0517	9	1.4325	29	1	3.1094	641940313	23327520
5200	8217	1.0535	7	1.4425	31	1	3.1604	658257520	1266364
5300	8156	1.0503	9	1.4187	31	1	3.0777	724252453	12026621
5400	8296	1.05	10	1.4231	28	1	3.0726	741495818	14176522
5500	8659	1.0527	9	1.4402	39	1	3.1487	760680200	1582763
5600	8795	1.0523	10	1.442	30	1	3.1411	780222834	1476401
5700	8744	1.0495	8	1.4139	34	1	3.0681	883995202	496870
5800	9032	1.0511	8	1.434	32	1	3.1145	906744065	1785889
5900	9362	1.0532	7	1.4446	37	1	3.1736	924508490	1508272
6000	9327	1.0507	7	1.4188	33	1	3.109	983013135	1633833
6100	9424	1.0499	8	1.4215	34	1	3.0898	1073409578	1559341
6200	9580	1.0498	9	1.4206	45	1	3.0903	1093293186	1457970
6300	9612	1.0483	8	1.4173	36	1	3.0514	1167871596	1432243
6400	9943	1.0503	8	1.4286	34	1	3.1072	1227040142	1788576
6500	10179	1.0511	7	1.4318	31	1	3.132	1247308881	1448755
6600	10360	1.0513	7	1.4297	33	1	3.1394	1317296049	1760545
6700	10545	1.0515	7	1.4433	35	1	3.1478	1395148651	1615786
6800	10674	1.0511	8	1.4268	25	1	3.1394	1426762447	2226697
6900	10714	1.0498	10	1.4325	31	1	3.1055	1547247521	2130318
7000	11052	1.0516	8	1.4431	30	1	3.1577	1716487234	4972534
7100	10995	1.0493	8	1.4277	31	1	3.0972	1856584442	2502010
7200	11263	1.0504	8	1.4386	34	1	3.1286	1883019892	14801640
7300	11556	1.0516	8	1.4504	46	1	3.166	1910566578	3015007
7400	11708	1.0515	8	1.4474	38	1	3.1643	2016476559	2420223
7500	11602	1.0489	8	1.4196	38	1	3.0939	2114720775	2087312
7600	11878	1.05	7	1.432	31	1	3.1258	2187627722	2162188
7700	12146	1.0509	8	1.439	37	1	3.1548	2242589390	2102287
7800	12123	1.0492	7	1.4326	29	1	3.1085	2285266403	12214386
7900	12379	1.05	10	1.4337	33	1	3.1339	2324468017	2432894
8000	12452	1.0492	7	1.4279	34	1	3.113	2370961786	7609321
8100	12675	1.0498	7	1.4328	34	1	3.1296	2449158434	2922468
8200	12809	1.0495	9	1.4304	30	1	3.1241	2506713883	5679824
8300	13088	1.0505	7	1.4428	28	1	3.1537	2547677196	5199465
8400	13107	1.0492	8	1.4405	45	1	3.1207	2594645947	4927608
8500	13366	1.05	9	1.4376	32	1	3.1449	2682134130	2360321
8600	13659	1.0511	8	1.4484	32	1	3.1765	2721748138	3734585
8700	13797	1.0508	8	1.4483	42	1	3.1717	2752722225	2367617
8800	13778	1.0494	8	1.4356	42	1	3.1314	2783150677	2572278
8900	14022	1.05	8	1.4437	38	1	3.151	2898112974	19867097
9000	13934	1.048	10	1.4224	38	1	3.0964	2936379214	3368652
9100	14215	1.0489	8	1.4342	44	1	3.1242	2984754098	1962519
9200	14318	1.0485	8	1.4317	47	1	3.1126	3015372236	2529656
9300	14455	1.0483	8	1.4252	33	1	3.1086	3061425580	2599541
9400	14456	1.047	8	1.4164	38	1	3.0757	3092663845	2962017
9500	14811	1.0485	7	1.4335	31	1	3.1181	3126034731	3108698
9600	14998	1.0487	10	1.4334	31	1	3.1246	3158357354	17888067
9700	15311	1.0497	9	1.4388	35	1	3.1569	3226700706	2721262
9800	15109	1.0471	8	1.4241	43	1	3.0835	3270546168	2741613
9900	15354	1.0477	8	1.4251	31	1	3.1018	3498655307	8328130
10000	15769	1.0495	12	1.4407	36	1	3.1538	3539678905	2739694
Done in 3539678905 ns
Start computing the 9th graph now

Nodes	Edges	Alpha	Max_Dep	Average_Dep	Max_Deg	Min_Deg	Avg_Deg	Graph_Time	Analysis_time	Diameter
100	120	1.0396	3	1.19	9	1	2.4	180854	20735
200	328	1.0934	6	1.49	21	1	3.28	705370	20351
300	457	1.0738	5	1.42	18	1	3.0467	1451058	26878
400	642	1.079	8	1.4625	25	1	3.21	2521976	36479
500	781	1.0718	5	1.428	18	1	3.124	3765685	42622
600	966	1.0744	6	1.4733	20	1	3.22	5659855	66045
700	1100	1.069	7	1.4457	20	1	3.1429	7472238	67965
800	1217	1.0628	5	1.415	20	1	3.0425	9444357	72572
900	1356	1.0603	5	1.4022	19	1	3.0133	11637264	90235
1000	1538	1.0623	6	1.425	21	1	3.076	14467193	108666
1100	1748	1.0661	7	1.4509	31	1	3.1782	17438810	112506
1200	1853	1.0613	10	1.4167	25	1	3.0883	20835492	155896
1300	1933	1.0553	7	1.3938	26	1	2.9738	25141821	197366
1400	2216	1.0634	7	1.4371	30	1	3.1657	32326077	207349
1500	2364	1.0622	8	1.4393	26	1	3.152	37452587	225780
1600	2438	1.0571	7	1.4056	26	1	3.0475	42455071	536035
1700	2625	1.0584	7	1.4165	22	1	3.0882	50585836	238067
1800	2844	1.061	7	1.4422	21	1	3.16	56009545	235380
1900	3024	1.0616	7	1.4705	27	1	3.1832	63486393	298736
2000	3159	1.0601	8	1.438	25	1	3.159	69435771	299888
2100	3388	1.0625	10	1.4495	38	1	3.2267	76441860	379372
2200	3417	1.0572	6	1.4359	25	1	3.1064	82842030	382827
2300	3507	1.0545	6	1.4196	26	1	3.0496	91218926	438889
2400	3714	1.0561	9	1.4329	26	1	3.095	112284039	420458
2500	3892	1.0566	8	1.4364	25	1	3.1136	123702436	459239
2600	4073	1.0571	7	1.4385	28	1	3.1331	130772650	461927
2700	4175	1.0552	6	1.4215	39	1	3.0926	138404626	507621
2800	4335	1.0551	6	1.4236	24	1	3.0964	146357608	562914
2900	4474	1.0544	10	1.4128	29	1	3.0855	155668342	610143
3000	4500	1.0506	7	1.3937	23	1	3.0	163586383	636254
3100	5004	1.0596	7	1.4603	32	1	3.2284	173923878	1040201
3200	4992	1.0551	11	1.4306	32	1	3.12	188920196	674268
3300	5152	1.055	8	1.4227	35	1	3.1224	198702840	619359
3400	5291	1.0544	9	1.4338	32	1	3.1124	210629241	647390
3500	5535	1.0562	8	1.4331	27	1	3.1629	221967386	756824
3600	5719	1.0565	8	1.4458	44	1	3.1772	232675421	939981
3700	5846	1.0557	10	1.4427	31	1	3.16	252661552	914255
3800	5941	1.0542	7	1.4321	28	1	3.1268	266492108	5686352
3900	6078	1.0537	9	1.4274	33	1	3.1169	282542449	858194
4000	6240	1.0536	7	1.4305	31	1	3.12	294101767	2580342
4100	6481	1.055	7	1.4434	28	1	3.1615	318785118	1056712
4200	6558	1.0534	10	1.4271	42	1	3.1229	336113727	3042269
4300	6638	1.0519	7	1.4251	39	1	3.0874	361953240	1331641
4400	7013	1.0556	10	1.4527	33	1	3.1877	388208603	1319353
4500	7085	1.054	7	1.446	27	1	3.1489	420051635	1568172
4600	7092	1.0513	7	1.4289	27	1	3.0835	440246266	1157698
4700	7423	1.0541	8	1.4466	29	1	3.1587	473850996	1748259
4800	7428	1.0515	9	1.4194	31	1	3.095	497025308	1881115
4900	7663	1.0526	10	1.4314	36	1	3.1278	521288586	7173505
5000	7766	1.0517	8	1.4338	29	1	3.1064	542756877	1377719
5100	8028	1.0531	8	1.4441	32	1	3.1482	566187303	1378871
5200	8158	1.0526	8	1.4377	32	1	3.1377	585741841	1378102
5300	8287	1.0521	7	1.4419	30	1	3.1272	616818450	1478705
5400	8584	1.0539	7	1.4524	34	1	3.1793	640795279	1788192
5500	8553	1.0513	7	1.4307	35	1	3.1102	679138699	1740579
5600	8842	1.0529	7	1.4441	33	1	3.1579	770113800	498789
5700	9097	1.0541	8	1.4618	31	1	3.1919	793755415	4127395
5800	9151	1.0526	7	1.4498	37	1	3.1555	856773355	2173708
5900	9290	1.0523	8	1.4378	33	1	3.1492	924788788	5130734
6000	9428	1.0519	8	1.4417	26	1	3.1427	1112194953	1973270
6100	9514	1.051	11	1.4338	38	1	3.1193	1135620004	4102436
6200	9767	1.052	9	1.4437	33	1	3.1506	1215286141	7037192
6300	9857	1.0512	7	1.4365	31	1	3.1292	1281727258	1527471
6400	9746	1.048	8	1.4123	31	1	3.0456	1305082808	6031549
6500	10200	1.0513	7	1.4386	34	1	3.1385	1329412898	1660712
6600	10230	1.0498	8	1.4248	32	1	3.1	1378041208	1656871
6700	10379	1.0497	7	1.4239	28	1	3.0982	1399381634	1795104
6800	10658	1.0509	9	1.4368	38	1	3.1347	1424806066	1794336
6900	10760	1.0503	9	1.4319	33	1	3.1188	1526911579	2817641
7000	10980	1.0508	8	1.4339	39	1	3.1371	1553795133	2324611
7100	11080	1.0502	7	1.432	39	1	3.1211	1579507165	2182155
7200	11098	1.0487	8	1.4253	38	1	3.0828	1617416305	1978646
7300	11336	1.0495	9	1.4279	34	1	3.1058	1673047249	2160268
7400	11760	1.052	8	1.4489	28	1	3.1784	1749294049	2207498
7500	11666	1.0495	10	1.4259	32	1	3.1109	1777039253	2074641
7600	11980	1.0509	8	1.4386	30	1	3.1526	1857137752	51454015
7700	11948	1.0491	8	1.4229	33	1	3.1034	1931233116	5796170
7800	12201	1.0499	8	1.4377	35	1	3.1285	1956766982	2335363
7900	12372	1.05	8	1.4395	33	1	3.1322	2014505205	2202890
8000	12290	1.0478	8	1.419	33	1	3.0725	2070492865	2632179
8100	12574	1.0489	8	1.4278	33	1	3.1047	2097066163	3304144
8200	12870	1.05	8	1.4352	30	1	3.139	2194486359	3938861
8300	12997	1.0497	8	1.4371	36	1	3.1318	2288432693	2879078
8400	12904	1.0475	8	1.421	40	1	3.0724	2319290050	2734317
8500	13326	1.0497	13	1.4309	42	1	3.1355	2371412957	2638707
8600	13305	1.0482	9	1.428	34	1	3.0942	2420985089	2559224
8700	13614	1.0494	11	1.4274	34	1	3.1297	2462533202	2639474
8800	14148	1.0523	8	1.4628	49	1	3.2155	2561803794	2383745
8900	13971	1.0496	9	1.4397	29	1	3.1396	2652368805	2628723
9000	14161	1.0498	11	1.4438	48	1	3.1469	2705007396	1155394
9100	14104	1.0481	9	1.4332	34	1	3.0998	2758402427	3657788
9200	14376	1.0489	8	1.4404	34	1	3.1252	2789750126	2737774
9300	14364	1.0476	9	1.4237	35	1	3.089	2823413604	2639091
9400	14828	1.0498	9	1.4413	30	1	3.1549	2964308721	3345997
9500	15042	1.0502	8	1.4496	44	1	3.1667	3016374799	2858727
9600	14941	1.0482	8	1.4309	36	1	3.1127	3096555853	2828776
9700	15367	1.0501	8	1.4416	40	1	3.1685	3159824532	2677873
9800	15308	1.0485	10	1.4388	33	1	3.1241	3194770118	3256530
9900	15557	1.0491	8	1.442	38	1	3.1428	3255049133	2829161
10000	15823	1.0498	10	1.4488	46	1	3.1646	3299282415	42147121
Done in 3299282415 ns
Start computing the 10th graph now

Nodes	Edges	Alpha	Max_Dep	Average_Dep	Max_Deg	Min_Deg	Avg_Deg	Graph_Time	Analysis_time	Diameter
100	158	1.0993	4	1.42	12	1	3.16	275698	33022
200	289	1.0695	4	1.37	12	1	2.89	7562476	42237
300	476	1.0809	6	1.44	18	1	3.1733	8461755	30719
400	640	1.0784	6	1.455	19	1	3.2	9683578	41854
500	797	1.075	5	1.446	17	1	3.188	11382303	55293
600	939	1.07	6	1.4217	21	1	3.13	12931276	54909
700	1081	1.0663	6	1.4086	19	1	3.0886	14676079	62972
800	1275	1.0697	5	1.4513	24	1	3.1875	19106818	95611
900	1511	1.0762	6	1.52	21	1	3.3578	22501581	116346
1000	1549	1.0634	10	1.447	20	1	3.098	25190205	107131
1100	1664	1.0591	7	1.3918	28	1	3.0255	28008614	129401
1200	1881	1.0634	7	1.435	24	1	3.135	31381874	592096
1300	2039	1.0628	7	1.4385	30	1	3.1369	34921012	156664
1400	2166	1.0602	6	1.4364	20	1	3.0943	39844780	223860
1500	2244	1.0551	7	1.3947	32	1	2.992	48770767	627422
1600	2509	1.061	7	1.4438	20	1	3.1363	54656020	29119082
1700	2626	1.0585	7	1.4229	25	1	3.0894	67118074	254962
1800	2786	1.0583	6	1.4156	21	1	3.0956	72480732	264178
1900	3048	1.0626	11	1.4579	26	1	3.2084	80582314	291057
2000	3221	1.0627	7	1.4695	24	1	3.221	86790878	42236588
2100	3271	1.0579	6	1.4248	26	1	3.1152	92721824	338286
2200	3508	1.0606	8	1.465	32	1	3.1891	99338942	325998
2300	3606	1.0581	7	1.4413	27	1	3.1357	106131154	428906
2400	3733	1.0568	6	1.4317	25	1	3.1108	131702650	476902
2500	3824	1.0543	7	1.4028	25	1	3.0592	141822429	543331
2600	4036	1.0559	7	1.4292	28	1	3.1046	181313564	760663
2700	4140	1.0541	7	1.417	35	1	3.0667	196407029	594400
2800	4488	1.0594	7	1.4714	25	1	3.2057	204975146	524900
2900	4478	1.0545	10	1.4169	33	1	3.0883	219686935	1312058
3000	4738	1.0571	7	1.4413	28	1	3.1587	312429109	746072
3100	4740	1.0528	7	1.4142	30	1	3.0581	322132654	537955
3200	5011	1.0556	7	1.4397	23	1	3.1319	369147867	666972
3300	5184	1.0557	11	1.437	35	1	3.1418	383521753	807125
3400	5392	1.0567	8	1.4488	26	1	3.1718	394606088	734936
3500	5482	1.055	7	1.4314	42	1	3.1326	423731314	795989
3600	5568	1.0533	7	1.4164	32	1	3.0933	434930842	767959
3700	5725	1.0531	9	1.4186	28	1	3.0946	447414782	1085894
3800	5900	1.0534	7	1.4295	25	1	3.1053	464724960	926158
3900	6211	1.0563	11	1.4574	29	1	3.1851	477437752	7206142
4000	6453	1.0577	8	1.464	33	1	3.2265	496574520	8918307
4100	6480	1.055	8	1.4466	35	1	3.161	513783711	979148
4200	6591	1.054	8	1.4412	27	1	3.1386	529547219	1049032
4300	6834	1.0554	7	1.4633	28	1	3.1786	546682303	2134925
4400	6999	1.0553	8	1.4464	32	1	3.1814	574781535	1330873
4500	7091	1.0541	6	1.4507	28	1	3.1516	589961779	1102789
4600	7167	1.0526	8	1.4315	42	1	3.1161	604304179	1109317
4700	7279	1.0517	10	1.4281	36	1	3.0974	626177184	2527353
4800	7493	1.0525	7	1.4325	30	1	3.1221	650605957	1329337
4900	7717	1.0535	8	1.4431	35	1	3.1498	667446912	1821214
5000	7821	1.0525	8	1.4344	32	1	3.1284	684877275	1333945
5100	7888	1.0511	8	1.4157	32	1	3.0933	705925877	3596735
5200	8119	1.0521	10	1.4313	34	1	3.1227	727129607	1384246
5300	8124	1.0498	8	1.4102	34	1	3.0657	753242514	1483313
5400	8438	1.0519	7	1.4367	35	1	3.1252	777610618	1502128
5500	8806	1.0547	7	1.4535	26	1	3.2022	819184074	1129667
5600	8844	1.0529	8	1.4405	40	1	3.1586	865440543	1850781
5700	8966	1.0524	8	1.4419	40	1	3.146	986546127	4753282
5800	9155	1.0527	8	1.4474	34	1	3.1569	1015686711	1653416
5900	9407	1.0537	9	1.4539	35	1	3.1888	1126960501	1646888
6000	9386	1.0514	8	1.426	29	1	3.1287	1196656612	7878875
6100	9410	1.0497	8	1.4254	26	1	3.0852	1215120649	1656104
6200	9632	1.0504	10	1.4298	33	1	3.1071	1284388623	1476017
6300	9829	1.0508	7	1.4243	27	1	3.1203	1397484012	74235900
6400	9954	1.0504	9	1.427	33	1	3.1106	1429474877	1659943
6500	10189	1.0512	7	1.4354	33	1	3.1351	1463090358	1912602
6600	10427	1.052	8	1.4465	37	1	3.1597	1486237408	1919513
6700	10567	1.0517	8	1.4461	31	1	3.1543	1515146069	1745571
6800	10602	1.0503	8	1.4329	33	1	3.1182	1545259273	2159117
6900	10788	1.0506	10	1.4354	31	1	3.127	1572729931	2267015
7000	11019	1.0512	9	1.4417	42	1	3.1483	1611653161	2156812
7100	11140	1.0508	8	1.4344	30	1	3.138	1635954453	1912218
7200	11237	1.0501	8	1.435	30	1	3.1214	1675836863	2265094
7300	11364	1.0498	7	1.4258	36	1	3.1134	1701865295	2020500
7400	11463	1.0491	8	1.4266	34	1	3.0981	1743147310	2071953
7500	11811	1.0509	10	1.4441	30	1	3.1496	1825287043	4180001
7600	11853	1.0497	7	1.4317	38	1	3.1192	1934248894	4772096
7700	12040	1.05	8	1.4364	47	1	3.1273	2026692715	2593014
7800	12192	1.0498	7	1.4374	30	1	3.1262	2053324378	2302725
7900	12566	1.0517	10	1.4481	40	1	3.1813	2090963580	2504698
8000	12479	1.0495	7	1.4331	27	1	3.1198	2156592196	2194059
8100	12680	1.0498	9	1.4359	34	1	3.1309	2245887387	2437501
8200	12854	1.0499	8	1.4361	39	1	3.1351	2275060994	5411807
8300	13090	1.0505	7	1.4422	43	1	3.1542	2314042972	2723951
8400	13230	1.0503	8	1.4465	38	1	3.15	2351599619	2884837
8500	13334	1.0498	7	1.442	41	1	3.1374	2394244377	2352643
8600	13594	1.0505	10	1.4522	33	1	3.1614	2430705146	2460540
8700	13579	1.0491	8	1.4367	31	1	3.1216	2470481578	2907108
8800	13984	1.051	10	1.4517	32	1	3.1782	2544447925	2489339
8900	13867	1.0488	8	1.4367	31	1	3.1162	2618565175	612447
9000	14086	1.0492	7	1.4388	38	1	3.1302	2652424483	12827218
9100	14315	1.0497	11	1.4369	39	1	3.1462	2743920643	3961132
9200	14366	1.0488	9	1.4332	33	1	3.123	2782312061	3007711
9300	14536	1.0489	10	1.4362	33	1	3.126	2828571986	2806506
9400	14766	1.0494	7	1.4376	31	1	3.1417	2872821011	3158231
9500	14759	1.0481	10	1.4346	33	1	3.1072	2909415406	4231838
9600	14981	1.0485	9	1.4317	37	1	3.121	2950154474	2819178
9700	15470	1.0508	8	1.4494	40	1	3.1897	3001687589	3415497
9800	15247	1.0481	10	1.4336	35	1	3.1116	3039814061	2857191
9900	15577	1.0493	8	1.4384	43	1	3.1469	3094553020	2957794
10000	15495	1.0475	7	1.4246	31	1	3.099	3134971850	2722414
Done in 3134971850 ns
Degrees:	1	Frequency:	31955
Degrees:	2	Frequency:	23155
Degrees:	3	Frequency:	15089
Degrees:	4	Frequency:	9703
Degrees:	5	Frequency:	6227
Degrees:	6	Frequency:	4234
Degrees:	7	Frequency:	2816
Degrees:	8	Frequency:	1907
Degrees:	9	Frequency:	1373
Degrees:	10	Frequency:	941
Degrees:	11	Frequency:	656
Degrees:	12	Frequency:	491
Degrees:	13	Frequency:	341
Degrees:	14	Frequency:	269
Degrees:	15	Frequency:	198
Degrees:	17	Frequency:	119
Degrees:	16	Frequency:	133
Degrees:	19	Frequency:	68
Degrees:	18	Frequency:	83
Degrees:	21	Frequency:	33
Degrees:	20	Frequency:	56
Degrees:	23	Frequency:	24
Degrees:	22	Frequency:	33
Degrees:	25	Frequency:	11
Degrees:	24	Frequency:	16
Degrees:	27	Frequency:	2
Degrees:	26	Frequency:	12
Degrees:	29	Frequency:	13
Degrees:	28	Frequency:	9
Degrees:	31	Frequency:	7
Degrees:	30	Frequency:	11
Degrees:	34	Frequency:	3
Degrees:	32	Frequency:	2
Degrees:	33	Frequency:	1
Degrees:	38	Frequency:	1
Degrees:	39	Frequency:	1
Degrees:	36	Frequency:	3
Degrees:	37	Frequency:	1
Degrees:	42	Frequency:	1
Degrees:	41	Frequency:	1
Degrees:	46	Frequency:	1
