Start computing the 1th graph now

Nodes	Edges	Alpha	Max_Dep	Average_Dep	Max_Deg	Min_Deg	Avg_Deg	Graph_Time	Analysis_time	Diameter
100	258	1.2058	8	1.86	27	1	5.16	542179	15359
200	418	1.1391	8	1.69	21	1	4.18	1474481	18815
300	619	1.127	7	1.66	30	1	4.1267	2633715	24959
400	864	1.1285	10	1.7575	37	1	4.32	4292506	32639
500	1029	1.1161	8	1.702	23	1	4.116	6150583	39934
600	1206	1.1091	7	1.6317	26	1	4.02	8412990	47230
700	1458	1.112	8	1.6957	36	1	4.1657	11208745	60668
800	1848	1.1253	9	1.7775	32	1	4.62	14936418	69116
900	2037	1.1201	12	1.7333	59	1	4.5267	19915479	84092
1000	2209	1.1147	13	1.746	51	1	4.418	24538591	93307
1100	2600	1.1228	12	1.8291	45	1	4.7273	30788625	150903
1200	2746	1.1168	12	1.7908	51	1	4.5767	38776934	481126
1300	2848	1.1094	14	1.7677	56	1	4.3815	54995074	189686
1400	3135	1.1113	12	1.7779	46	1	4.4786	61606816	195830
1500	3083	1.0985	8	1.66	47	1	4.1107	67951309	207733
1600	3460	1.1045	10	1.72	68	1	4.325	76939884	11224487
1700	3789	1.1077	12	1.7635	41	1	4.4576	84762697	229236
1800	3811	1.1001	12	1.6944	49	1	4.2344	95406223	259187
1900	4093	1.1017	10	1.7395	42	1	4.3084	110112252	3509572
2000	4397	1.1036	15	1.7345	65	1	4.397	123576107	524900
2100	4843	1.1092	10	1.7671	47	1	4.6124	137121366	942669
2200	4844	1.1026	14	1.7177	73	1	4.4036	150796410	436585
2300	5063	1.1019	11	1.743	69	1	4.4026	163103719	468839
2400	5266	1.101	12	1.7558	46	1	4.3883	174843123	426985
2500	5490	1.1005	14	1.7372	65	1	4.392	213507550	651997
2600	5931	1.1049	14	1.7885	70	1	4.5623	261757256	2618356
2700	5910	1.0992	12	1.7481	47	1	4.3778	318433008	741080
2800	5974	1.0955	13	1.7246	50	1	4.2671	332725491	556386
2900	6242	1.0962	14	1.7324	52	1	4.3048	347237227	615135
3000	6719	1.1007	12	1.7657	54	1	4.4793	375423623	979915
3100	6748	1.0968	11	1.731	43	1	4.3535	394137246	653917
3200	6810	1.0936	11	1.7103	61	1	4.2563	439015997	709594
3300	7231	1.0968	11	1.7515	50	1	4.3824	457301482	896976
3400	7482	1.097	12	1.7485	51	1	4.4012	477480755	863185
3500	7655	1.0959	14	1.7214	59	1	4.3743	495640679	764503
3600	7909	1.0961	12	1.7267	50	1	4.3939	515329994	1002186
3700	8116	1.0956	18	1.7276	63	1	4.387	536543707	1732516
3800	8426	1.0966	11	1.7526	61	1	4.4347	595327890	1264444
3900	8523	1.0945	12	1.7362	54	1	4.3708	655754353	1143107
4000	8574	1.0919	13	1.7135	66	1	4.287	678986262	1429940
4100	9316	1.0987	12	1.7915	64	1	4.5444	704754355	1103173
4200	9324	1.0956	16	1.756	72	1	4.44	763396081	1013706
4300	9269	1.0918	12	1.7419	46	1	4.3112	785070954	35291167
4400	9502	1.0918	9	1.7341	51	1	4.3191	807508793	1040585
4500	10214	1.0974	14	1.7727	54	1	4.5396	858512784	1110469
4600	10287	1.0954	13	1.7641	69	1	4.4726	891650979	1567788
4700	10548	1.0956	11	1.7551	59	1	4.4885	943255514	1177665
4800	10272	1.0898	10	1.719	63	1	4.28	973229334	1836190
4900	10803	1.093	13	1.7471	72	1	4.4094	1005984317	1516335
5000	11118	1.0938	12	1.7468	66	1	4.4472	1074425583	2032403
5100	11632	1.0966	16	1.7747	61	1	4.5616	1115271013	1317050
5200	11290	1.0906	13	1.7394	56	1	4.3423	1217840757	1354679
5300	11221	1.0875	14	1.7109	65	1	4.2343	1273192548	1346616
5400	12191	1.0948	16	1.7737	73	1	4.5152	1347059828	3341005
5500	12501	1.0953	13	1.772	71	1	4.5458	1441223878	1083206
5600	12501	1.093	12	1.7432	74	1	4.4646	1476640991	39059926
5700	12945	1.0948	16	1.7718	79	1	4.5421	1547178017	1535534
5800	12793	1.0913	13	1.7421	59	1	4.4114	1610660573	1544365
5900	12427	1.0858	13	1.7054	64	1	4.2125	1641633508	2110735
6000	13098	1.0897	12	1.7462	50	1	4.366	1752918818	3132120
6100	13747	1.0932	13	1.7766	57	1	4.5072	1832908650	1560493
6200	13749	1.0912	16	1.755	58	1	4.4352	1876557515	1502511
6300	14051	1.0917	14	1.754	70	1	4.4606	1965439544	1997077
6400	13977	1.0891	16	1.7398	60	1	4.3678	2034016355	1645736
6500	14120	1.0884	11	1.7311	73	1	4.3446	2084462040	3201236
6600	14540	1.0898	13	1.7433	63	1	4.4061	2197535158	1660711
6700	14661	1.0889	11	1.737	59	1	4.3764	2242913082	1691430
6800	15912	1.0963	15	1.811	73	1	4.68	2313640562	2327684
6900	15204	1.0894	13	1.7428	55	1	4.407	2360231477	3115225
7000	15602	1.0905	14	1.7574	77	1	4.4577	2401289632	1829662
7100	15399	1.0873	12	1.7425	78	1	4.3377	2441937697	1964439
7200	16124	1.0908	14	1.7564	61	1	4.4789	2489194433	1930265
7300	16292	1.0902	13	1.7582	66	1	4.4636	2536642774	1919513
7400	16061	1.087	14	1.7365	87	1	4.3408	2593754342	1898779
7500	16691	1.0897	14	1.7593	68	1	4.4509	2707692566	4097445
7600	16724	1.0883	12	1.7513	69	1	4.4011	2754353749	1974039
7700	16880	1.0877	14	1.7282	76	1	4.3844	2806739299	2116878
7800	17245	1.0885	15	1.7499	84	1	4.4218	2859152494	2425599
7900	17593	1.0892	12	1.7472	76	1	4.4539	2911175566	3012703
8000	18521	1.0934	16	1.7876	117	1	4.6303	2983339897	2356866
8100	17360	1.0847	12	1.7244	55	1	4.2864	3035405591	2369154
8200	18708	1.0915	12	1.769	71	1	4.5629	3164439967	8540471
8300	18769	1.0904	14	1.787	64	1	4.5227	3293394091	2257031
8400	18658	1.0883	15	1.761	48	1	4.4424	3413421077	1818143
8500	18733	1.0873	14	1.7535	54	1	4.4078	3506098358	12214387
8600	18854	1.0866	11	1.7413	65	1	4.3847	3588313351	3682363
8700	19126	1.0868	15	1.7408	65	1	4.3968	3727130372	2730478
8800	19098	1.0853	12	1.7289	69	1	4.3405	3830696927	10592457
8900	19770	1.0878	15	1.7596	73	1	4.4427	3986459729	2831848
9000	20268	1.0892	12	1.7684	84	1	4.504	4047848445	2405247
9100	20600	1.0896	16	1.7764	72	1	4.5275	4116498980	2435198
9200	20173	1.086	14	1.7399	75	1	4.3854	4197294017	2537720
9300	20628	1.0872	16	1.7442	71	1	4.4361	4267942781	3064540
9400	20646	1.086	11	1.7431	86	1	4.3928	4330280693	2511226
9500	21227	1.0878	17	1.7608	94	1	4.4688	4477932313	2651762
9600	21066	1.0857	15	1.7436	77	1	4.3888	4598086396	2823401
9700	21302	1.0857	13	1.7427	107	1	4.3922	4745010375	2680945
9800	21931	1.0877	14	1.7686	62	1	4.4757	4870488333	2672881
9900	22230	1.0879	14	1.766	82	1	4.4909	5054938240	14196489
10000	21838	1.0848	11	1.7401	65	1	4.3676	5170077552	3158231
Done in 5170077552 ns
Start computing the 2th graph now

Nodes	Edges	Alpha	Max_Dep	Average_Dep	Max_Deg	Min_Deg	Avg_Deg	Graph_Time	Analysis_time	Diameter
100	174	1.1203	6	1.55	12	1	3.48	276082	18047
200	390	1.126	6	1.66	20	1	3.9	954958	17279
300	816	1.1754	10	1.9367	33	1	5.44	2860264	24959
400	875	1.1306	10	1.725	24	1	4.375	4979447	60668
500	1175	1.1375	10	1.83	42	1	4.7	7511408	44541
600	1300	1.1209	8	1.7717	26	1	4.3333	10087526	67580
700	1426	1.1086	10	1.6771	38	1	4.0743	12759255	79868
800	1797	1.1211	12	1.7775	49	1	4.4925	17042162	100986
900	2040	1.1203	8	1.78	31	1	4.5333	21188756	108666
1000	2277	1.1191	10	1.774	54	1	4.554	33224976	367084
1100	2420	1.1126	12	1.7591	38	1	4.4	75724974	389355
1200	2746	1.1168	12	1.7875	45	1	4.5767	86365429	224244
1300	2777	1.1059	11	1.7054	42	1	4.2723	94059993	245363
1400	2987	1.1046	15	1.7293	58	1	4.2671	112014488	406250
1500	3287	1.1073	11	1.7247	44	1	4.3827	119897970	257650
1600	3504	1.1063	11	1.7488	48	1	4.38	168888373	352493
1700	4071	1.1174	10	1.8165	72	1	4.7894	205149856	327535
1800	4071	1.1089	11	1.7728	67	1	4.5233	216947241	334830
1900	4145	1.1033	12	1.7374	49	1	4.3632	244557668	613215
2000	4528	1.1075	11	1.7655	51	1	4.528	254566476	2311940
2100	4514	1.1	11	1.7271	46	1	4.299	267194409	407018
2200	4672	1.0979	11	1.7218	45	1	4.2473	279497111	421226
2300	5357	1.1092	17	1.7904	116	1	4.6583	294269185	1119684
2400	5571	1.1082	14	1.7829	89	1	4.6425	338729399	640093
2500	5217	1.094	11	1.7	41	1	4.1736	357001829	623967
2600	5855	1.1032	11	1.7823	49	1	4.5038	372786841	643933
2700	5927	1.0995	11	1.7533	41	1	4.3904	394763137	747608
2800	5985	1.0957	10	1.7271	48	1	4.275	414488929	745688
2900	6707	1.1052	13	1.7893	83	1	4.6255	438000759	931150
3000	6763	1.1015	13	1.7563	62	1	4.5087	457945804	688859
3100	6778	1.0973	12	1.7316	64	1	4.3729	480524180	244595
3200	7253	1.1014	13	1.7694	69	1	4.5331	499018166	734553
3300	7226	1.0967	12	1.7409	48	1	4.3794	533265677	733785
3400	7269	1.0934	14	1.7171	52	1	4.2759	560619606	729945
3500	7599	1.095	11	1.7391	50	1	4.3423	581490042	815572
3600	7865	1.0954	12	1.7375	57	1	4.3694	602906496	776791
3700	7963	1.0933	12	1.7338	52	1	4.3043	621633942	826707
3800	8368	1.0958	11	1.7411	72	1	4.4042	668303573	1148099
3900	8447	1.0935	13	1.7285	66	1	4.3318	803737351	1147330
4000	8638	1.0928	13	1.7123	75	1	4.319	827514127	1078214
4100	9117	1.0961	14	1.7517	60	1	4.4473	853620890	1150786
4200	9517	1.098	16	1.7598	56	1	4.5319	876113254	3384395
4300	9335	1.0927	13	1.7342	60	1	4.3419	902079097	1001802
4400	9825	1.0958	13	1.7614	63	1	4.4659	929244875	1140035
4500	9937	1.0942	12	1.7509	66	1	4.4164	1043680737	1166914
4600	10009	1.0922	15	1.7367	62	1	4.3517	1088887407	1137731
4700	10030	1.0896	12	1.7087	41	1	4.2681	1170628569	1078982
4800	10548	1.0929	12	1.744	58	1	4.395	1231530783	2634484
4900	11067	1.0959	12	1.7747	65	1	4.5171	1277779956	1215295
5000	11472	1.0975	12	1.79	78	1	4.5888	1376771012	1224894
5100	11615	1.0964	15	1.7808	73	1	4.5549	1437184419	1754018
5200	12236	1.1	15	1.81	76	1	4.7062	1496617143	1287483
5300	11825	1.0936	13	1.7568	75	1	4.4623	1577575372	1440307
5400	11650	1.0895	16	1.7231	52	1	4.3148	1615295594	1443763
5500	12180	1.0923	17	1.7582	72	1	4.4291	1711339223	1467569
5600	12239	1.0906	11	1.7418	65	1	4.3711	1768202741	1955991
5700	12451	1.0903	13	1.7258	79	1	4.3688	1806056588	1876508
5800	12579	1.0893	16	1.73	88	1	4.3376	1945609697	1511343
5900	12946	1.0905	15	1.7524	92	1	4.3885	2014638835	1543598
6000	13096	1.0897	14	1.7357	63	1	4.3653	2157115564	1700645
6100	13298	1.0894	12	1.7439	70	1	4.36	2252151247	1615018
6200	13709	1.0909	11	1.7453	68	1	4.4223	2329643293	2803434
6300	14200	1.0929	16	1.7687	68	1	4.5079	2443440213	1851932
6400	13468	1.0849	10	1.7052	45	1	4.2088	2505156079	1993237
6500	14947	1.0948	14	1.7875	66	1	4.5991	2611688875	2614516
6600	14227	1.0873	12	1.7239	63	1	4.3112	2690772132	2126094
6700	14904	1.0908	13	1.7518	62	1	4.449	2804492639	10250332
6800	15156	1.0908	19	1.7709	71	1	4.4576	2897273979	2023572
6900	14705	1.0856	11	1.7225	77	1	4.2623	3004771331	2377985
7000	15493	1.0897	11	1.7559	68	1	4.4266	3168467149	1911834
7100	16278	1.0936	15	1.7834	70	1	4.5854	3274846353	1599658
7200	15776	1.0883	15	1.7543	68	1	4.3822	3444872840	4334745
7300	16305	1.0903	18	1.7447	94	1	4.4671	3642679089	3235411
7400	16232	1.0882	12	1.7484	71	1	4.387	3809745862	2419839
7500	16762	1.0901	14	1.7587	79	1	4.4699	3931940412	5615315
7600	16032	1.0835	14	1.7011	59	1	4.2189	4077503568	2136462
7700	16968	1.0883	15	1.7505	79	1	4.4073	4192061151	2282374
7800	17324	1.089	13	1.7633	79	1	4.4421	4283240144	22205148
7900	17685	1.0898	16	1.7718	64	1	4.4772	4387473287	2498939
8000	17471	1.0869	12	1.7434	74	1	4.3678	4483575281	2248968
8100	18408	1.0912	13	1.7777	65	1	4.5452	4606417988	44936348
8200	17556	1.0845	13	1.714	67	1	4.282	4653668580	2705136
8300	18735	1.0902	14	1.7648	98	1	4.5145	4755256104	2447101
8400	18162	1.0853	14	1.724	68	1	4.3243	4822902533	2675569
8500	18676	1.087	14	1.7361	69	1	4.3944	4902238832	5323876
8600	19379	1.0897	15	1.7724	69	1	4.5067	4974390875	2782699
8700	19294	1.0878	17	1.7547	143	1	4.4354	5049484969	6945420
8800	19703	1.0887	17	1.7625	72	1	4.478	5209113293	9594111
8900	19445	1.0859	13	1.7383	74	1	4.3697	5319892517	2609909
9000	19919	1.0873	13	1.7382	91	1	4.4264	5386611251	18315820
9100	20024	1.0865	12	1.7411	55	1	4.4009	5442625022	2988513
9200	21068	1.0908	14	1.7751	80	1	4.58	5520883490	2988129
9300	19943	1.0835	14	1.7305	63	1	4.2888	5598919250	2717807
9400	20571	1.0856	13	1.745	68	1	4.3768	5686685050	3474246
9500	21128	1.0873	16	1.7492	85	1	4.448	5831128906	2282374
9600	21309	1.087	18	1.7447	64	1	4.4394	5932994048	41857216
9700	20810	1.0832	12	1.7195	72	1	4.2907	6031924051	3542210
9800	21373	1.0848	13	1.7517	75	1	4.3618	6144739519	2765036
9900	21639	1.085	13	1.7299	95	1	4.3715	6239786721	3226580
10000	21492	1.0831	12	1.7297	76	1	4.2984	6395350621	3880881
Done in 6395350621 ns
Start computing the 3th graph now

Nodes	Edges	Alpha	Max_Dep	Average_Dep	Max_Deg	Min_Deg	Avg_Deg	Graph_Time	Analysis_time	Diameter
100	199	1.1494	5	1.61	16	1	3.98	338670	16895
200	473	1.1625	12	1.81	31	1	4.73	1336249	18047
300	600	1.1215	9	1.66	23	1	4.0	2438271	43389
400	917	1.1385	9	1.8175	34	1	4.585	4439956	36478
500	1121	1.1299	10	1.766	37	1	4.484	6833300	74108
600	1312	1.1223	9	1.7417	32	1	4.3733	10253021	59901
700	1432	1.1093	9	1.6629	35	1	4.0914	14712174	95611
800	1794	1.1208	8	1.7813	34	1	4.485	18930572	79100
900	1988	1.1165	15	1.7611	35	1	4.4178	23719180	97147
1000	2219	1.1154	9	1.751	49	1	4.438	34580423	237683
1100	2482	1.1162	11	1.7773	49	1	4.5127	40286741	327151
1200	2653	1.1119	12	1.77	46	1	4.4217	46312146	153592
1300	2875	1.1107	9	1.7177	52	1	4.4231	68564140	473446
1400	3276	1.1174	11	1.7929	52	1	4.68	77402195	224244
1500	3422	1.1128	11	1.81	50	1	4.5627	87877923	432744
1600	3613	1.1104	14	1.7563	51	1	4.5163	122296305	318319
1700	3548	1.0989	11	1.69	42	1	4.1741	132735555	754904
1800	4015	1.107	11	1.7861	42	1	4.4611	155143828	318319
1900	4156	1.1037	14	1.7568	43	1	4.3747	163893951	276082
2000	4508	1.1069	12	1.7795	55	1	4.508	174245653	353261
2100	4529	1.1005	11	1.7367	38	1	4.3133	191484411	368620
2200	5006	1.1068	13	1.7814	53	1	4.5509	206032624	416618
2300	4920	1.0982	12	1.7126	42	1	4.2783	218292704	483430
2400	5481	1.1061	14	1.7496	52	1	4.5675	233257920	557538
2500	5536	1.1016	14	1.7628	62	1	4.4288	246424959	479974
2600	5618	1.098	11	1.72	44	1	4.3215	272622341	558690
2700	5969	1.1004	12	1.7674	62	1	4.4215	287198969	579809
2800	6200	1.1002	11	1.7511	58	1	4.4286	330546026	938830
2900	6463	1.1005	13	1.7472	69	1	4.4572	348303156	1278652
3000	6618	1.0988	11	1.7447	45	1	4.412	375270801	4835837
3100	6855	1.0987	10	1.7655	55	1	4.4226	393351625	580193
3200	6875	1.0948	11	1.7209	49	1	4.2969	410537777	638174
3300	7143	1.0953	12	1.7224	67	1	4.3291	429868839	1502511
3400	7500	1.0973	12	1.7376	68	1	4.4118	458711072	6517667
3500	7777	1.0978	11	1.7566	78	1	4.444	488079357	1540141
3600	8029	1.098	11	1.7617	70	1	4.4606	522957363	909263
3700	8297	1.0983	12	1.7716	52	1	4.4849	550122757	842835
3800	8455	1.097	12	1.7429	78	1	4.45	597675157	1093189
3900	9008	1.1012	15	1.79	98	1	4.6195	622514404	2113423
4000	9288	1.1016	14	1.7908	73	1	4.644	795514812	1014858
4100	9335	1.0989	12	1.7576	97	1	4.5537	823972297	1158082
4200	9328	1.0956	17	1.7452	61	1	4.4419	885815644	1547053
4300	9395	1.0934	11	1.7437	66	1	4.3698	910360763	37059393
4400	9514	1.0919	16	1.7407	55	1	4.3245	939151543	1241021
4500	10130	1.0965	11	1.7836	49	1	4.5022	964885462	1541294
4600	10166	1.094	14	1.7548	58	1	4.42	992676359	1362743
4700	10417	1.0941	14	1.7451	75	1	4.4328	1021546238	1335864
4800	10159	1.0885	10	1.7094	52	1	4.2329	1046694204	1570476
4900	10727	1.0922	14	1.7524	72	1	4.3784	1075220806	2401791
5000	11062	1.0932	15	1.745	61	1	4.4248	1104874772	1306298
5100	11113	1.0912	13	1.7243	55	1	4.358	1131380874	1563564
5200	11349	1.0912	12	1.746	94	1	4.365	1162109982	1408437
5300	11928	1.0946	14	1.7481	82	1	4.5011	1286685972	1399221
5400	11730	1.0903	11	1.7463	53	1	4.3444	1383509848	1490224
5500	11783	1.0885	12	1.7209	67	1	4.2847	1465456824	453096
5600	12433	1.0924	13	1.7468	73	1	4.4404	1544457525	2393728
5700	12347	1.0894	15	1.7368	54	1	4.3323	1588865901	1481393
5800	12950	1.0927	16	1.7645	59	1	4.4655	1629446002	1648040
5900	13116	1.092	11	1.7537	85	1	4.4461	1673468478	1560109
6000	13424	1.0926	11	1.7607	105	1	4.4747	1707500193	1610410
6100	13570	1.0917	20	1.7607	90	1	4.4492	1755841287	1725219
6200	13973	1.0931	15	1.7515	67	1	4.5074	1838555453	1470258
6300	13770	1.0894	14	1.7462	59	1	4.3714	1887915628	1645735
6400	14745	1.0952	14	1.7981	87	1	4.6078	1980716935	1623466
6500	14250	1.0894	12	1.7425	64	1	4.3846	2092773660	3182421
6600	14553	1.0899	11	1.7506	59	1	4.41	2150521866	2084625
6700	14691	1.0891	11	1.7428	67	1	4.3854	2220280182	1869212
6800	15212	1.0912	14	1.7663	63	1	4.4741	2298477599	1803167
6900	15449	1.0912	13	1.7623	63	1	4.478	2425761029	1935256
7000	15242	1.0879	12	1.7356	58	1	4.3549	2473092640	2325764
7100	15355	1.087	12	1.7325	49	1	4.3254	2542652823	2205962
7200	15843	1.0888	15	1.7378	70	1	4.4008	2640284976	5429469
7300	15956	1.0879	13	1.7426	65	1	4.3715	2683096382	1939480
7400	15985	1.0864	12	1.7224	77	1	4.3203	2794403962	2003221
7500	16551	1.0887	11	1.7457	71	1	4.4136	2840385117	2816874
7600	17177	1.0913	18	1.7809	69	1	4.5203	2905818288	2036243
7700	16653	1.0862	13	1.7395	59	1	4.3255	2990877801	2262407
7800	16710	1.085	12	1.7254	42	1	4.2846	3131441161	4521358
7900	17432	1.0882	11	1.7419	72	1	4.4132	3218980413	2384513
8000	18023	1.0904	13	1.7574	81	1	4.5058	3329355691	2159116
8100	18224	1.0901	13	1.7767	81	1	4.4998	3481196911	2465916
8200	18149	1.0882	13	1.755	71	1	4.4266	3550088969	2220169
8300	18869	1.091	13	1.7772	80	1	4.5467	3619441034	2229001
8400	19333	1.0923	19	1.7765	122	1	4.6031	3709538357	1768610
8500	18275	1.0846	14	1.7239	82	1	4.3	3903918740	2442110
8600	18559	1.0849	12	1.7291	57	1	4.316	4039979940	2350722
8700	19358	1.0882	13	1.7526	79	1	4.4501	4212591760	2596086
8800	19164	1.0857	13	1.7457	64	1	4.3555	4270590321	2812266
8900	19528	1.0864	14	1.7366	63	1	4.3883	4336523434	2545016
9000	20025	1.0878	15	1.7631	64	1	4.45	4411596793	2488571
9100	20168	1.0873	13	1.7515	82	1	4.4325	4472863019	2929763
9200	19990	1.085	12	1.7368	71	1	4.3457	4662749691	2467836
9300	20382	1.0859	13	1.7411	83	1	4.3832	4727086985	3257682
9400	20652	1.086	14	1.754	87	1	4.394	4855410999	3336397
9500	20415	1.0835	13	1.7232	61	1	4.2979	4952853849	21009820
9600	21162	1.0862	11	1.7517	106	1	4.4088	5142900257	3188565
9700	21481	1.0866	15	1.7582	94	1	4.4291	5212165927	2685168
9800	21649	1.0862	15	1.7548	69	1	4.4182	5298284840	3026526
9900	21554	1.0846	12	1.7277	61	1	4.3543	5421367918	3423945
10000	21925	1.0852	16	1.7385	62	1	4.385	5494839699	8204873
Done in 5494839699 ns
Start computing the 4th graph now

Nodes	Edges	Alpha	Max_Dep	Average_Dep	Max_Deg	Min_Deg	Avg_Deg	Graph_Time	Analysis_time	Diameter
100	269	1.2149	7	1.89	25	1	5.38	556770	16512
200	471	1.1617	8	1.83	25	1	4.71	2321540	22655
300	832	1.1788	10	1.89	50	1	5.5467	4404629	38398
400	833	1.1224	10	1.755	28	1	4.165	6867089	44158
500	1054	1.12	9	1.668	46	1	4.216	9291536	1406132
600	1205	1.109	12	1.6367	34	1	4.0167	35543827	150904
700	1863	1.1494	16	1.8971	51	1	5.3229	63529401	139769
800	1718	1.1143	10	1.7313	30	1	4.295	75241542	152056
900	2031	1.1196	10	1.79	47	1	4.5133	79462244	97531
1000	2110	1.1081	12	1.743	32	1	4.22	83702529	115962
1100	2424	1.1128	11	1.7555	32	1	4.4073	88685430	152824
1200	2636	1.111	11	1.7333	45	1	4.3933	94438210	152824
1300	2729	1.1034	13	1.7008	52	1	4.1985	102653835	228851
1400	2944	1.1026	10	1.6986	46	1	4.2057	108714951	198133
1500	3524	1.1168	12	1.8067	46	1	4.6987	143143317	283376
1600	3533	1.1074	10	1.7575	48	1	4.4163	150826362	232691
1700	3910	1.112	10	1.8194	47	1	4.6	160616686	305648
1800	3878	1.1024	11	1.73	46	1	4.3089	169856000	446568
1900	3983	1.098	11	1.6863	47	1	4.1926	230008685	934990
2000	4471	1.1058	13	1.72	56	1	4.471	245367095	376684
2100	4622	1.1031	11	1.7514	49	1	4.4019	258067984	368620
2200	5195	1.1116	12	1.7973	64	1	4.7227	277768434	508773
2300	4705	1.0925	9	1.6887	39	1	4.0913	296503943	2448637
2400	5354	1.1031	15	1.7383	49	1	4.4617	315035175	526436
2500	5362	1.0975	11	1.7116	56	1	4.2896	330316022	577121
2600	5762	1.1012	10	1.7488	52	1	4.4323	362345668	628191
2700	5948	1.1	10	1.7619	43	1	4.4059	384035515	676572
2800	6240	1.101	12	1.7414	48	1	4.4571	457798352	2910180
2900	6550	1.1022	15	1.7576	79	1	4.5172	475614231	50909916
3000	7029	1.1063	12	1.8157	49	1	4.686	495988949	843987
3100	6700	1.0959	13	1.7194	49	1	4.3226	595959536	909648
3200	7266	1.1016	12	1.7831	64	1	4.5413	614773377	684251
3300	7335	1.0986	12	1.7515	66	1	4.4455	692413639	847443
3400	7553	1.0982	11	1.7538	68	1	4.4429	792220651	948429
3500	7676	1.0962	12	1.7554	48	1	4.3863	811669211	764119
3600	7966	1.097	13	1.7492	74	1	4.4256	882120993	1056712
3700	8457	1.1006	13	1.7797	65	1	4.5714	945844303	971852
3800	8251	1.0941	13	1.73	54	1	4.3426	965341244	845523
3900	8757	1.0978	11	1.7551	53	1	4.4908	1050923737	908112
4000	9213	1.1006	15	1.7555	118	1	4.6065	1079596251	1084742
4100	8886	1.093	12	1.7407	65	1	4.3346	1152504350	881233
4200	8914	1.0902	13	1.7267	81	1	4.2448	1215440503	971468
4300	9575	1.0957	12	1.7472	58	1	4.4535	1281182777	1754402
4400	9501	1.0918	13	1.7302	54	1	4.3186	1321026405	1128516
4500	10107	1.0962	10	1.7731	59	1	4.492	1347560537	1442995
4600	9870	1.0905	11	1.7102	70	1	4.2913	1383590481	1294011
4700	10689	1.0972	12	1.7611	63	1	4.5485	1414373346	1108549
4800	10073	1.0874	11	1.709	51	1	4.1971	1438539093	1107012
4900	10662	1.0915	11	1.7433	43	1	4.3518	1499712012	1364663
5000	10833	1.0908	13	1.7324	56	1	4.3332	1592605090	1687206
5100	11431	1.0945	12	1.7496	63	1	4.4827	1654728358	4335512
5200	11474	1.0925	14	1.7523	62	1	4.4131	1707727122	25018950
5300	11909	1.0944	13	1.764	54	1	4.494	1789789291	10076773
5400	11732	1.0903	17	1.7291	65	1	4.3452	1877537812	1451443
5500	12166	1.0922	14	1.7622	57	1	4.424	1918723448	1447219
5600	12485	1.0929	12	1.7504	60	1	4.4589	1992186781	9296911
5700	12592	1.0916	12	1.744	60	1	4.4182	2024813132	1499439
5800	13546	1.0979	17	1.7922	96	1	4.671	2073296298	1504815
5900	13786	1.0977	13	1.8014	77	1	4.6732	2120794556	1974807
6000	13797	1.0957	15	1.7892	73	1	4.599	2171982857	1841565
6100	13818	1.0938	11	1.773	73	1	4.5305	2211190231	3038430
6200	14213	1.095	13	1.7808	68	1	4.5848	2262036407	2226313
6300	13982	1.0911	12	1.7511	67	1	4.4387	2306647908	2553847
6400	14135	1.0904	13	1.747	77	1	4.4172	2352081893	1581612
6500	14136	1.0885	15	1.7351	56	1	4.3495	2479433671	2263559
6600	14502	1.0895	16	1.7476	64	1	4.3945	2605835100	1819679
6700	15107	1.0923	14	1.7554	59	1	4.5096	2649401025	5712462
6800	14757	1.0878	15	1.7237	90	1	4.3403	2702894355	1882267
6900	15075	1.0884	13	1.7406	74	1	4.3696	2818843479	2023188
7000	15253	1.088	11	1.739	68	1	4.358	2862711212	1805471
7100	15197	1.0858	12	1.7251	58	1	4.2808	3001179964	1997845
7200	15505	1.0864	18	1.7285	59	1	4.3069	3045005075	4585482
7300	16864	1.0941	15	1.7893	66	1	4.6203	3189991878	1980566
7400	16354	1.089	11	1.7565	65	1	4.42	3262130866	2566135
7500	16337	1.0873	15	1.7356	76	1	4.3565	3402803659	2683249
7600	16600	1.0874	13	1.7432	53	1	4.3684	3482444838	2079248
7700	16678	1.0864	12	1.7349	68	1	4.3319	3558156371	2167180
7800	16906	1.0863	13	1.7273	83	1	4.3349	3647118651	7468400
7900	17141	1.0863	12	1.7449	53	1	4.3395	3715606378	2498938
8000	17625	1.0879	13	1.7446	88	1	4.4063	3842857169	2182923
8100	17866	1.0879	16	1.7542	73	1	4.4114	4025554210	2174476
8200	18371	1.0895	13	1.7628	61	1	4.4807	4156668603	2238600
8300	18181	1.0869	14	1.7401	72	1	4.381	4304173927	2268935
8400	18470	1.0872	12	1.7483	64	1	4.3976	4382526086	2432126
8500	18505	1.086	12	1.7385	56	1	4.3541	4463610644	2869863
8600	19446	1.0901	14	1.7719	66	1	4.5223	4564017816	2336131
8700	19049	1.0864	13	1.7422	51	1	4.3791	4632428748	2523897
8800	19510	1.0877	13	1.7492	65	1	4.4341	4705051550	2806506
8900	19209	1.0846	12	1.7265	73	1	4.3166	4761556815	3292240
9000	19741	1.0863	13	1.7402	73	1	4.3869	4852056932	5773515
9100	19941	1.0861	13	1.7532	56	1	4.3826	4946555044	2833768
9200	20259	1.0865	15	1.7443	92	1	4.4041	5062090239	2737774
9300	20586	1.087	14	1.764	67	1	4.4271	5217146519	10920760
9400	21031	1.088	13	1.7539	88	1	4.4747	5393735983	31370737
9500	20500	1.084	13	1.7308	86	1	4.3158	5511119270	3252306
9600	21294	1.0869	14	1.7531	77	1	4.4363	5587354551	18768916
9700	21712	1.0878	14	1.759	77	1	4.4767	5737967421	3071451
9800	21098	1.0834	11	1.7366	63	1	4.3057	5825638379	2991968
9900	21677	1.0852	11	1.7483	82	1	4.3792	5999825668	20389309
10000	22456	1.0878	14	1.7693	80	1	4.4912	6066199973	2709359
Done in 6066199973 ns
Start computing the 5th graph now

Nodes	Edges	Alpha	Max_Dep	Average_Dep	Max_Deg	Min_Deg	Avg_Deg	Graph_Time	Analysis_time	Diameter
100	214	1.1652	7	1.77	18	1	4.28	413546	16895
200	393	1.1275	10	1.62	22	1	3.93	1070535	17279
300	563	1.1104	6	1.62	25	1	3.7533	2026644	24959
400	774	1.1102	7	1.635	33	1	3.87	3550658	36478
500	1096	1.1263	9	1.69	33	1	4.384	5797706	46846
600	1359	1.1278	10	1.7317	35	1	4.53	9130264	76028
700	1413	1.1072	10	1.65	30	1	4.0371	12020861	92539
800	1774	1.1191	9	1.7588	42	1	4.435	15893294	86396
900	1922	1.1115	10	1.7567	32	1	4.2711	20129739	95995
1000	2097	1.1072	9	1.713	36	1	4.194	30542494	259186
1100	2460	1.1149	9	1.7673	44	1	4.4727	59926137	300656
1200	2576	1.1077	10	1.7333	50	1	4.2933	65804479	252274
1300	3015	1.1173	10	1.7923	56	1	4.6385	155514367	327151
1400	3072	1.1085	10	1.755	54	1	4.3886	163253473	239603
1500	3422	1.1128	12	1.7787	56	1	4.5627	171287475	214261
1600	3553	1.1081	13	1.7294	50	1	4.4413	179856745	233075
1700	3790	1.1078	14	1.7494	42	1	4.4588	246123536	614751
1800	4014	1.107	15	1.7539	68	1	4.46	274833680	359405
1900	4073	1.101	12	1.7205	48	1	4.2874	285178086	378604
2000	4464	1.1056	11	1.765	52	1	4.464	295345094	328303
2100	4392	1.0965	10	1.691	37	1	4.1829	347766737	521060
2200	4749	1.1	12	1.7282	49	1	4.3173	359913927	569057
2300	5180	1.1049	12	1.7674	82	1	4.5043	412185050	633950
2400	5275	1.1012	9	1.785	50	1	4.3958	426543962	847059
2500	5519	1.1012	12	1.734	78	1	4.4152	441371329	612831
2600	5573	1.097	12	1.7292	40	1	4.2869	454165525	577505
2700	5931	1.0996	10	1.7393	63	1	4.3933	506594464	681564
2800	6325	1.1027	13	1.7611	58	1	4.5179	557775085	1027913
2900	6441	1.1001	12	1.7579	44	1	4.4421	572070641	627422
3000	6452	1.0956	13	1.7223	77	1	4.3013	627336804	717274
3100	6949	1.1004	13	1.77	56	1	4.4832	651089773	706522
3200	6915	1.0955	13	1.73	58	1	4.3219	694392672	1010634
3300	7302	1.098	11	1.7452	53	1	4.4255	718890561	1190720
3400	7352	1.0948	11	1.7076	55	1	4.3247	746392322	1070918
3500	8095	1.1027	16	1.7897	72	1	4.6257	775588968	999499
3600	8095	1.099	13	1.7731	73	1	4.4972	827594761	1441843
3700	7976	1.0935	11	1.7259	70	1	4.3114	893120855	948045
3800	8492	1.0976	12	1.7589	70	1	4.4695	975830413	1095110
3900	8528	1.0946	13	1.7228	60	1	4.3733	1001253693	998346
4000	8530	1.0913	11	1.7203	52	1	4.265	1058490823	1283259
4100	9304	1.0985	15	1.7685	52	1	4.5385	1090252068	1120452
4200	9597	1.0991	13	1.7769	60	1	4.57	1115374308	1002186
4300	9477	1.0945	11	1.7479	57	1	4.4079	1178841121	1093189
4400	9665	1.0938	11	1.7375	56	1	4.3932	1264301893	1060167
4500	9875	1.0934	15	1.7309	73	1	4.3889	1349836005	1591978
4600	10269	1.0952	15	1.7628	71	1	4.4648	1423059736	1660327
4700	10510	1.0952	12	1.7517	58	1	4.4723	1458147779	3024990
4800	10526	1.0926	15	1.7427	64	1	4.3858	1512363758	1302458
4900	11015	1.0953	13	1.761	76	1	4.4959	1555731933	1343544
5000	11157	1.0942	13	1.758	69	1	4.4628	1585687707	1471793
5100	11593	1.0962	16	1.771	74	1	4.5463	1620350301	1540526
5200	11526	1.093	14	1.75	63	1	4.4331	1661040604	2251272
5300	11879	1.0941	11	1.7625	90	1	4.4826	1753250198	4795135
5400	11814	1.0911	11	1.7335	72	1	4.3756	1844258704	7267579
5500	11874	1.0894	14	1.7224	65	1	4.3178	1988783196	1479473
5600	12335	1.0915	15	1.7548	55	1	4.4054	2029663569	987595
5700	12262	1.0886	14	1.7119	77	1	4.3025	2138088232	1553964
5800	12667	1.0901	14	1.7183	79	1	4.3679	2177324789	1821599
5900	12748	1.0887	13	1.7269	49	1	4.3214	2245711146	2099984
6000	12963	1.0885	12	1.7312	51	1	4.321	2289609597	1824671
6100	13650	1.0924	12	1.7593	79	1	4.4754	2350406600	3170902
6200	14028	1.0935	11	1.7727	60	1	4.5252	2408301102	6607518
6300	13640	1.0883	13	1.7322	59	1	4.3302	2508193357	2033939
6400	14345	1.0921	12	1.7736	64	1	4.4828	2550594672	1727523
6500	13912	1.0867	13	1.7178	53	1	4.2806	2608797510	4070950
6600	15003	1.0934	15	1.7753	96	1	4.5464	2679176337	2131470
6700	14813	1.0901	11	1.7419	47	1	4.4218	2772339352	2619892
6800	15472	1.0932	13	1.7763	76	1	4.5506	2846677007	2856423
6900	15041	1.0882	12	1.7436	79	1	4.3597	2919638479	3812916
7000	15708	1.0913	14	1.7627	69	1	4.488	3084237416	1937944
7100	15307	1.0866	14	1.731	55	1	4.3118	3214792735	5720526
7200	15790	1.0884	17	1.7397	74	1	4.3861	3272616970	2113423
7300	16124	1.0891	15	1.7475	81	1	4.4175	3360065987	2788842
7400	16624	1.0908	15	1.7588	83	1	4.493	3483425147	2590325
7500	16315	1.0871	12	1.7357	69	1	4.3507	3574055434	33985254
7600	17205	1.0914	14	1.77	67	1	4.5276	3683082176	4937592
7700	17046	1.0888	14	1.7623	64	1	4.4275	3733418811	2639859
7800	16704	1.085	15	1.7205	62	1	4.2831	3852978878	2220553
7900	18240	1.0932	15	1.7963	82	1	4.6177	3974179305	2546936
8000	17782	1.0889	13	1.7516	75	1	4.4455	4167947242	74725090
8100	17872	1.0879	12	1.7456	72	1	4.4128	4238749981	5410271
8200	17499	1.0841	12	1.7172	60	1	4.268	4300510773	5745868
8300	18531	1.089	16	1.7661	79	1	4.4653	4423374983	5333475
8400	18855	1.0895	13	1.7635	85	1	4.4893	4567763162	3713465
8500	18416	1.0855	11	1.7312	67	1	4.3332	4630517309	4086309
8600	18880	1.0868	15	1.7466	69	1	4.3907	4720186880	2821865
8700	19338	1.0881	13	1.7674	59	1	4.4455	4816974662	2995040
8800	19488	1.0875	14	1.7536	69	1	4.4291	4900502481	8558134
8900	19943	1.0887	12	1.7653	58	1	4.4816	4969839571	5914052
9000	19822	1.0867	15	1.743	89	1	4.4049	5042026941	4065574
9100	20368	1.0884	13	1.7644	58	1	4.4765	5129660268	2689392
9200	20514	1.0879	15	1.7663	85	1	4.4596	5223350871	3062620
9300	20604	1.0871	15	1.744	86	1	4.431	5292864208	3266897
9400	20885	1.0873	14	1.7517	74	1	4.4436	5358529302	4621577
9500	21168	1.0875	13	1.7611	54	1	4.4564	5429206865	3531843
9600	21354	1.0872	15	1.7556	73	1	4.4488	5501040589	7294458
9700	21413	1.0863	12	1.7489	61	1	4.4151	5615191922	3843250
9800	21605	1.086	17	1.7419	71	1	4.4092	5687320543	2817257
9900	21971	1.0866	14	1.7474	86	1	4.4386	5780156792	5338467
10000	21508	1.0832	14	1.7258	56	1	4.3016	5872070338	2652146
Done in 5872070338 ns
Start computing the 6th graph now

Nodes	Edges	Alpha	Max_Dep	Average_Dep	Max_Deg	Min_Deg	Avg_Deg	Graph_Time	Analysis_time	Diameter
100	170	1.1152	5	1.45	18	1	3.4	285680	15743
200	465	1.1592	9	1.795	31	1	4.65	1211839	18815
300	645	1.1342	8	1.74	34	1	4.3	2414847	23423
400	792	1.114	8	1.6725	20	1	3.96	3814069	47229
500	1172	1.1371	12	1.836	39	1	4.688	6332974	63357
600	1343	1.126	10	1.775	35	1	4.4767	9334542	79867
700	1594	1.1256	13	1.7657	36	1	4.5543	14962528	1459506
800	1662	1.1094	10	1.6788	37	1	4.155	18653339	213493
900	2059	1.1217	11	1.7867	41	1	4.5756	30164659	109818
1000	2220	1.1155	9	1.762	43	1	4.44	36002683	130937
1100	2519	1.1183	12	1.7582	36	1	4.58	43838168	253042
1200	2589	1.1085	10	1.7208	37	1	4.315	51524284	168951
1300	2610	1.0972	11	1.6792	36	1	4.0154	59559822	236532
1400	2853	1.0983	9	1.6607	45	1	4.0757	66940675	255730
1500	3264	1.1063	11	1.7273	60	1	4.352	74500079	249586
1600	3452	1.1042	11	1.7619	44	1	4.315	82086745	244211
1700	3767	1.107	12	1.74	67	1	4.4318	91877837	305647
1800	3987	1.1061	11	1.7289	45	1	4.43	101494986	351725
1900	4009	1.0989	9	1.7005	43	1	4.22	114683528	311792
2000	4584	1.1091	13	1.7795	65	1	4.584	142143819	510309
2100	4654	1.104	10	1.7519	49	1	4.4324	153113344	364013
2200	4674	1.0979	12	1.7191	59	1	4.2491	171127740	625502
2300	5239	1.1064	12	1.7665	53	1	4.5557	183233844	445800
2400	5473	1.1059	13	1.7779	59	1	4.5608	199158240	512612
2500	5562	1.1022	16	1.7692	55	1	4.4496	212951934	512613
2600	5782	1.1016	12	1.7658	52	1	4.4477	238754585	641246
2700	6047	1.1021	11	1.743	53	1	4.4793	256455654	663133
2800	5928	1.0945	12	1.7189	50	1	4.2343	272079394	653149
2900	6812	1.1071	18	1.8166	73	1	4.6979	290600644	712282
3000	6639	1.0992	21	1.7683	89	1	4.426	321653831	766807
3100	6849	1.0986	13	1.7455	42	1	4.4187	368101138	860882
3200	6851	1.0943	13	1.7216	68	1	4.2819	471031823	897744
3300	7263	1.0974	13	1.7424	49	1	4.4018	527972136	714970
3400	7470	1.0968	14	1.7588	49	1	4.3941	545589881	603232
3500	7945	1.1005	12	1.7934	55	1	4.54	566206890	6738456
3600	7581	1.0909	14	1.7164	52	1	4.2117	585600925	1547822
3700	7829	1.0912	12	1.7176	55	1	4.2319	603225966	817492
3800	8404	1.0963	15	1.735	59	1	4.4232	624953060	9414792
3900	8352	1.0921	12	1.7136	63	1	4.2831	644019176	888145
4000	8602	1.0923	11	1.7288	47	1	4.301	698027806	1016778
4100	9341	1.099	14	1.7615	95	1	4.5566	723441870	960717
4200	9526	1.0982	21	1.7705	77	1	4.5362	796300052	5738573
4300	9650	1.0966	11	1.7667	76	1	4.4884	822834184	1988246
4400	9539	1.0922	13	1.7457	62	1	4.3359	890256752	1388470
4500	9783	1.0923	12	1.7336	57	1	4.348	929836202	1121604
4600	10095	1.0932	11	1.742	62	1	4.3891	1090904065	4029481
4700	10460	1.0946	13	1.7502	55	1	4.4511	1150238106	1297467
4800	10390	1.0911	10	1.7181	70	1	4.3292	1175424855	1107396
4900	11091	1.0961	12	1.7745	62	1	4.5269	1247804598	1135812
5000	10766	1.09	14	1.715	64	1	4.3064	1315106597	1151939
5100	11399	1.0942	12	1.7661	58	1	4.4702	1383757132	1289787
5200	11662	1.0944	13	1.764	72	1	4.4854	1474165863	1961367
5300	11676	1.0921	12	1.7464	50	1	4.406	1505465564	1357751
5400	11657	1.0895	11	1.7294	61	1	4.3174	1612574713	1412276
5500	11976	1.0904	15	1.7351	62	1	4.3549	1693797119	19751136
5600	12575	1.0937	13	1.7555	57	1	4.4911	1755524889	4937975
5700	12367	1.0896	13	1.736	53	1	4.3393	1854873045	1613866
5800	12842	1.0917	14	1.74	64	1	4.4283	1892628209	1537070
5900	13095	1.0918	11	1.7564	49	1	4.439	1977093706	1534766
6000	13008	1.0889	14	1.7302	62	1	4.336	2073080506	4025641
6100	13117	1.0878	13	1.7305	48	1	4.3007	2147975699	1614633
6200	13445	1.0886	13	1.7256	67	1	4.3371	2240015191	1730596
6300	13085	1.0835	13	1.6989	55	1	4.154	2272037158	1550510
6400	13808	1.0877	16	1.7306	59	1	4.315	2327545612	1662631
6500	14251	1.0894	13	1.7469	62	1	4.3849	2376334809	1637672
6600	14582	1.0901	16	1.7598	84	1	4.4188	2425230753	1800096
6700	14691	1.0891	15	1.7325	73	1	4.3854	2502381057	1817375
6800	15002	1.0897	13	1.759	62	1	4.4124	2558681661	2124174
6900	14383	1.0831	11	1.6991	62	1	4.169	2599833123	1816990
7000	15747	1.0916	12	1.7591	70	1	4.4991	2673140945	2046995
7100	15823	1.0904	13	1.7518	104	1	4.4572	2840720715	3521475
7200	16150	1.091	13	1.7533	81	1	4.4861	2900669891	870098
7300	15723	1.0863	12	1.721	67	1	4.3077	3060577367	2390272
7400	15560	1.0834	13	1.7092	62	1	4.2054	3114905852	2069265
7500	17116	1.0925	14	1.7672	64	1	4.5643	3168997038	4812414
7600	16740	1.0884	12	1.743	67	1	4.4053	3226179642	2562679
7700	16508	1.0852	11	1.7188	56	1	4.2878	3402842445	24882253
7800	17491	1.0901	13	1.7753	61	1	4.4849	3629202558	2466684
7900	17324	1.0875	14	1.7499	54	1	4.3858	3688934402	4187296
8000	17899	1.0896	16	1.7544	76	1	4.4748	3792586968	2224393
8100	18441	1.0914	12	1.7786	72	1	4.5533	3906113182	2199050
8200	17925	1.0868	15	1.746	72	1	4.372	3982126523	23594386
8300	17828	1.0847	14	1.7314	53	1	4.2959	4047904123	2578806
8400	18539	1.0876	14	1.7555	70	1	4.414	4097869066	34727870
8500	19126	1.0896	16	1.7642	66	1	4.5002	4198756212	2308485
8600	18543	1.0848	12	1.7288	54	1	4.3123	4258730347	2471676
8700	18430	1.0828	12	1.7153	67	1	4.2368	4344618104	2397952
8800	19363	1.0868	14	1.754	76	1	4.4007	4398992667	2592245
8900	19378	1.0856	14	1.74	60	1	4.3546	4472125010	2393344
9000	19427	1.0845	14	1.7266	90	1	4.3171	4567623772	4039848
9100	20130	1.0871	14	1.7458	55	1	4.4242	4667699570	34026723
9200	20227	1.0863	14	1.737	76	1	4.3972	4765875437	3188181
9300	20404	1.086	12	1.7449	58	1	4.388	4898146760	2495099
9400	21238	1.0891	15	1.7715	87	1	4.5187	5052826356	3546435
9500	21123	1.0872	13	1.7551	69	1	4.4469	5206683852	2572278
9600	20922	1.085	12	1.7328	73	1	4.3588	5310575637	2581110
9700	21858	1.0885	14	1.7701	100	1	4.5068	5384021307	2705519
9800	21665	1.0863	14	1.749	65	1	4.4214	5511727114	2807274
9900	21418	1.0839	14	1.7301	55	1	4.3269	5631754868	2828392
10000	22280	1.087	12	1.7605	66	1	4.456	5701149939	2907877
Done in 5701149939 ns
Start computing the 7th graph now

Nodes	Edges	Alpha	Max_Dep	Average_Dep	Max_Deg	Min_Deg	Avg_Deg	Graph_Time	Analysis_time	Diameter
100	237	1.1874	7	1.81	20	1	4.74	4127011	24191
200	430	1.1445	6	1.77	22	1	4.3	42741137	36094
300	628	1.1295	7	1.6967	32	1	4.1867	43888851	24959
400	792	1.114	7	1.6375	21	1	3.96	45307655	33790
500	1020	1.1147	13	1.622	38	1	4.08	47239456	41470
600	1230	1.1122	7	1.7	29	1	4.1	49450410	51837
700	1476	1.1139	10	1.7157	36	1	4.2171	52326032	76796
800	1843	1.1248	14	1.79	61	1	4.6075	59833599	82171
900	2007	1.1179	9	1.7656	40	1	4.46	64521220	112890
1000	2066	1.105	11	1.713	31	1	4.132	70602302	137849
1100	2259	1.1028	8	1.6936	35	1	4.1073	85173554	172023
1200	2811	1.1201	11	1.8083	46	1	4.685	93967836	140152
1300	2903	1.112	10	1.7415	48	1	4.4662	101185113	168951
1400	3168	1.1127	10	1.7821	54	1	4.5257	108758724	223476
1500	3381	1.1111	10	1.7747	41	1	4.508	117443571	665053
1600	3677	1.1128	10	1.7844	50	1	4.5963	126222494	515685
1700	3749	1.1063	10	1.7388	64	1	4.4106	134790228	583264
1800	3798	1.0996	9	1.7161	53	1	4.22	144012263	271857
1900	4169	1.1041	11	1.7442	45	1	4.3884	156179420	283761
2000	4443	1.105	10	1.7395	63	1	4.443	166503475	330223
2100	4828	1.1088	15	1.7952	52	1	4.5981	179976930	553314
2200	4902	1.1041	11	1.7682	56	1	4.4564	192921646	397419
2300	5052	1.1017	12	1.7383	49	1	4.393	207076280	903120
2400	5222	1.0999	12	1.7021	75	1	4.3517	219787536	474214
2500	5363	1.0975	10	1.724	48	1	4.2904	240092370	474982
2600	5634	1.0983	11	1.7273	50	1	4.3338	254115684	493413
2700	5596	1.0922	10	1.7104	53	1	4.1452	266620359	516452
2800	5954	1.095	10	1.7161	46	1	4.2529	282724841	964940
2900	6364	1.0986	10	1.7528	50	1	4.389	300606381	633566
3000	6784	1.1019	15	1.789	56	1	4.5227	317927694	678492
3100	7290	1.1064	11	1.8023	53	1	4.7032	348486315	1137347
3200	6573	1.0892	10	1.6888	51	1	4.1081	363059103	648541
3300	7178	1.0959	9	1.747	52	1	4.3503	381996202	683483
3400	7586	1.0987	11	1.7629	58	1	4.4624	399714550	1819295
3500	8120	1.1031	12	1.8051	67	1	4.64	438331364	997195
3600	7738	1.0934	12	1.7286	59	1	4.2989	456587667	779863
3700	7979	1.0935	11	1.7376	56	1	4.313	515887535	1093957
3800	8701	1.1005	15	1.7839	68	1	4.5795	576684154	959181
3900	8707	1.0971	15	1.7482	57	1	4.4651	660712298	898128
4000	8493	1.0908	12	1.7238	72	1	4.2465	682419041	854738
4100	8755	1.0912	11	1.7183	57	1	4.2707	743753615	967628
4200	9322	1.0956	14	1.7498	63	1	4.439	816336867	1073991
4300	9468	1.0943	13	1.7356	61	1	4.4037	888344918	1282492
4400	9738	1.0947	10	1.7407	56	1	4.4264	917660981	1124292
4500	9959	1.0944	16	1.7596	51	1	4.4262	943678661	1868828
4600	9777	1.0894	11	1.7211	55	1	4.2509	1000862418	1136963
4700	10193	1.0916	11	1.7266	82	1	4.3374	1027871149	1231806
4800	10816	1.0958	12	1.7629	60	1	4.5067	1070566208	1233342
4900	11109	1.0963	14	1.7745	118	1	4.5343	1198084249	1383862
5000	10920	1.0917	11	1.7502	52	1	4.368	1229113245	1241406
5100	11138	1.0915	12	1.7322	72	1	4.3678	1261224679	1287099
5200	11579	1.0936	21	1.746	68	1	4.4535	1293306547	4592778
5300	11278	1.0881	11	1.7221	56	1	4.2558	1324291001	1990933
5400	11958	1.0925	14	1.733	60	1	4.4289	1359589080	1632681
5500	12158	1.0921	11	1.7591	86	1	4.4211	1400385745	1780513
5600	12034	1.0886	12	1.7198	52	1	4.2979	1443395284	1470641
5700	12806	1.0936	20	1.7653	81	1	4.4933	1519001607	8182602
5800	13034	1.0934	14	1.775	47	1	4.4945	1569560950	1682214
5900	12709	1.0884	11	1.7368	93	1	4.3081	1680857780	1783968
6000	13140	1.0901	12	1.752	56	1	4.38	1720385393	1579308
6100	13630	1.0922	12	1.7615	67	1	4.4689	1756599264	1813919
6200	13672	1.0906	13	1.7511	66	1	4.4103	1823182069	1842333
6300	13768	1.0894	12	1.75	69	1	4.3708	1915268790	2309253
6400	13941	1.0888	12	1.7345	71	1	4.3566	1978462593	1669158
6500	14073	1.088	13	1.7397	56	1	4.3302	2028937461	2766956
6600	14362	1.0884	13	1.7358	72	1	4.3521	2065898940	33164305
6700	14687	1.0891	11	1.739	76	1	4.3842	2199688518	1897242
6800	15599	1.0941	13	1.7947	74	1	4.5879	2341775892	2218249
6900	14856	1.0868	13	1.7239	52	1	4.3061	2460442055	1706789
7000	15833	1.0922	12	1.7601	86	1	4.5237	2543460333	3786806
7100	15629	1.089	14	1.7394	91	1	4.4025	2677884629	1959447
7200	16076	1.0904	19	1.7628	75	1	4.4656	2737527006	1916825
7300	15986	1.0881	11	1.7362	73	1	4.3797	2801944551	2285062
7400	16667	1.0911	12	1.7659	59	1	4.5046	2887159959	2035091
7500	16274	1.0868	16	1.7317	65	1	4.3397	2937167907	2188683
7600	17319	1.0922	13	1.7795	63	1	4.5576	2998979000	2025108
7700	16683	1.0864	13	1.7313	65	1	4.3332	3043992527	2184843
7800	17207	1.0883	14	1.7396	55	1	4.4121	3098814810	2069265
7900	16978	1.0852	11	1.7185	55	1	4.2982	3143728503	2498938
8000	18345	1.0923	17	1.784	88	1	4.5863	3216729141	2146829
8100	17729	1.087	15	1.7377	66	1	4.3775	3275555945	2374913
8200	17897	1.0866	13	1.7329	62	1	4.3651	3463572638	2263558
8300	18511	1.0889	11	1.7563	78	1	4.4605	3588017691	2284678
8400	18566	1.0878	13	1.7465	64	1	4.4205	3697851942	3976876
8500	18656	1.0869	15	1.7395	76	1	4.3896	3820438919	747608
8600	18609	1.0852	15	1.727	87	1	4.3277	3876533710	2467068
8700	18743	1.0846	14	1.7228	73	1	4.3087	3948157782	5700559
8800	19315	1.0866	11	1.739	59	1	4.3898	4040828152	2427134
8900	19325	1.0853	17	1.7317	76	1	4.3427	4136758507	2864487
9000	19804	1.0866	12	1.7481	111	1	4.4009	4206184297	2639475
9100	20178	1.0874	13	1.7573	67	1	4.4347	4282335103	7251452
9200	20063	1.0854	12	1.737	64	1	4.3615	4361362683	3836722
9300	20386	1.0859	12	1.7458	79	1	4.3841	4537609637	5737805
9400	20382	1.0846	14	1.7333	68	1	4.3366	4725470434	3071836
9500	20715	1.0851	12	1.7447	71	1	4.3611	4812929051	3310287
9600	21124	1.086	13	1.7472	75	1	4.4008	4915931924	3322574
9700	21175	1.085	14	1.7375	66	1	4.366	4997192728	4285595
9800	21588	1.0859	13	1.739	66	1	4.4057	5094655161	2763884
9900	21877	1.0862	16	1.7538	82	1	4.4196	5179232012	3072988
10000	21793	1.0846	13	1.7442	87	1	4.3586	5310539546	16122913
Done in 5310539546 ns
Start computing the 8th graph now

Nodes	Edges	Alpha	Max_Dep	Average_Dep	Max_Deg	Min_Deg	Avg_Deg	Graph_Time	Analysis_time	Diameter
100	208	1.159	8	1.77	16	1	4.16	387436	16895
200	394	1.128	7	1.655	23	1	3.94	25288888	49149
300	706	1.15	10	1.84	29	1	4.7067	26793320	30334
400	842	1.1242	7	1.6875	28	1	4.21	34298198	75260
500	1162	1.1357	9	1.83	36	1	4.648	38729705	100602
600	1213	1.11	11	1.71	31	1	4.0433	41280481	77564
700	1486	1.1149	10	1.7114	38	1	4.2457	46342098	137465
800	1617	1.1053	10	1.6963	34	1	4.0425	49999118	97531
900	2163	1.1289	11	1.8133	52	1	4.8067	73220275	330990
1000	2289	1.1199	12	1.779	45	1	4.578	78655888	132857
1100	2396	1.1112	8	1.7464	38	1	4.3564	84310370	181623
1200	2747	1.1168	13	1.7467	46	1	4.5783	144694211	174327
1300	2787	1.1064	12	1.7246	40	1	4.2877	150927350	231540
1400	3142	1.1116	13	1.7536	46	1	4.4886	164976391	283760
1500	3294	1.1076	9	1.7607	42	1	4.392	172730088	241523
1600	3724	1.1145	11	1.8244	41	1	4.655	208830301	340205
1700	3584	1.1003	9	1.6994	37	1	4.2165	218498136	265714
1800	3846	1.1013	11	1.7239	47	1	4.2733	267587606	604383
1900	4077	1.1011	12	1.7458	51	1	4.2916	282470266	1581611
2000	4584	1.1091	11	1.771	58	1	4.584	299830361	435817
2100	4779	1.1075	13	1.7843	54	1	4.5514	312445622	553315
2200	4894	1.1039	15	1.7473	84	1	4.4491	327344793	450024
2300	5169	1.1046	11	1.7861	41	1	4.4948	347880399	771030
2400	5156	1.0982	11	1.7383	35	1	4.2967	400858044	566754
2500	5293	1.0959	13	1.6908	52	1	4.2344	426706773	668124
2600	5882	1.1038	11	1.7712	48	1	4.5246	448451145	732633
2700	5982	1.1007	20	1.7311	65	1	4.4311	480600593	623967
2800	6275	1.1017	11	1.7536	63	1	4.4821	505932870	769110
2900	6267	1.0967	14	1.739	57	1	4.3221	526609012	700379
3000	6586	1.0982	10	1.7573	54	1	4.3907	545825263	963021
3100	6640	1.0948	12	1.7206	48	1	4.2839	571466643	2363777
3200	6792	1.0932	11	1.7156	45	1	4.245	603154547	979148
3300	7165	1.0957	12	1.727	51	1	4.3424	640326830	1085126
3400	7408	1.0958	11	1.7303	47	1	4.3576	734485888	1730595
3500	7602	1.095	12	1.7186	51	1	4.344	812014796	824404
3600	8042	1.0982	11	1.7656	46	1	4.4678	873547120	752983
3700	8058	1.0947	11	1.7346	70	1	4.3557	900138850	728025
3800	8121	1.0921	12	1.7253	51	1	4.2742	922842403	770263
3900	8593	1.0955	10	1.7431	50	1	4.4067	945678813	1315898
4000	8437	1.09	17	1.697	51	1	4.2185	981498336	3280721
4100	8961	1.094	12	1.7466	61	1	4.3712	1005750479	1146178
4200	9401	1.0966	14	1.7626	57	1	4.4767	1050275584	1514415
4300	9394	1.0934	13	1.7407	53	1	4.3693	1099861923	1176897
4400	9692	1.0941	15	1.7464	58	1	4.4055	1160086413	1208000
4500	10051	1.0955	15	1.758	77	1	4.4671	1185236683	1455666
4600	10321	1.0958	17	1.7728	61	1	4.4874	1250295859	1580075
4700	10519	1.0953	15	1.743	64	1	4.4762	1278224989	1111236
4800	10420	1.0914	11	1.7398	58	1	4.3417	1316802637	1466418
4900	10331	1.0878	9	1.7059	60	1	4.2167	1373061003	1138499
5000	11253	1.0952	11	1.7684	64	1	4.5012	1450477789	9732343
5100	11095	1.091	11	1.7343	50	1	4.351	1547989372	3887792
5200	11507	1.0928	13	1.7554	49	1	4.4258	1616272055	1332409
5300	11485	1.0902	13	1.74	62	1	4.334	1708632169	1802016
5400	11763	1.0906	13	1.7431	62	1	4.3567	1768530276	1342008
5500	11873	1.0893	14	1.7309	65	1	4.3175	1802071266	1870364
5600	12464	1.0927	16	1.7566	62	1	4.4514	1884691741	1727140
5700	12351	1.0894	15	1.7435	57	1	4.3337	1925840132	2031635
5800	12674	1.0902	11	1.7403	60	1	4.3703	1971743724	2382209
5900	13410	1.0946	12	1.7781	81	1	4.5458	2007594349	1621546
6000	12954	1.0885	13	1.7403	51	1	4.318	2055382896	29524180
6100	13526	1.0914	14	1.759	67	1	4.4348	2142376514	10071013
6200	13542	1.0895	15	1.7481	65	1	4.3684	2217504014	2404864
6300	13805	1.0897	15	1.7503	57	1	4.3825	2301654648	5817672
6400	14346	1.0921	13	1.7536	67	1	4.4831	2384264372	1755938
6500	14205	1.089	12	1.7303	76	1	4.3708	2527628093	1851933
6600	14681	1.0909	14	1.7515	64	1	4.4488	2626295070	2482043
6700	14997	1.0915	13	1.744	79	1	4.4767	2688814221	2145293
6800	15773	1.0953	17	1.7972	70	1	4.6391	2766520144	1927193
6900	15430	1.091	12	1.7612	78	1	4.4725	2810081461	2232072
7000	15684	1.0911	16	1.7504	60	1	4.4811	2882087976	2772332
7100	15410	1.0874	13	1.7283	67	1	4.3408	3038071182	26839012
7200	15700	1.0878	15	1.7286	81	1	4.3611	3164557854	17135851
7300	15938	1.0878	12	1.7464	84	1	4.3666	3292674135	990283
7400	16022	1.0867	16	1.7414	59	1	4.3303	3343377854	2077329
7500	16582	1.0889	13	1.7545	63	1	4.4219	3386436926	2256648
7600	17306	1.0921	17	1.7632	63	1	4.5542	3463971593	2122639
7700	17487	1.0917	12	1.7731	72	1	4.5421	3617666282	2234761
7800	17325	1.089	21	1.7476	93	1	4.4423	3744213624	2104207
7900	18031	1.092	15	1.78	90	1	4.5648	3805372336	2181003
8000	18025	1.0904	12	1.7711	67	1	4.5063	3858465559	2174476
8100	17124	1.0832	13	1.7069	52	1	4.2281	3908797586	2338819
8200	18406	1.0897	14	1.7645	94	1	4.4893	3970118721	2274695
8300	18845	1.0909	13	1.7645	72	1	4.541	4047742856	2308484
8400	18195	1.0855	12	1.7355	68	1	4.3321	4108204261	2235529
8500	19011	1.089	14	1.76	100	1	4.4732	4166664365	2278534
8600	19019	1.0876	13	1.7619	75	1	4.423	4237733586	2914788
8700	19264	1.0876	12	1.7547	64	1	4.4285	4321755203	2402943
8800	19489	1.0875	12	1.7636	61	1	4.4293	4381550404	2394880
8900	19671	1.0872	14	1.7546	59	1	4.4204	4437834496	2439038
9000	20124	1.0884	15	1.769	66	1	4.472	4512029311	2431742
9100	20213	1.0875	14	1.7554	91	1	4.4424	4624601336	2554232
9200	20247	1.0864	13	1.7589	65	1	4.4015	4731452067	2732014
9300	20437	1.0862	12	1.7451	72	1	4.3951	4870344348	2622195
9400	20587	1.0857	15	1.7307	93	1	4.3802	4947182477	2804202
9500	21409	1.0887	18	1.756	77	1	4.5072	5224991613	2607605
9600	21280	1.0868	15	1.7557	82	1	4.4333	5294087948	3070300
9700	21861	1.0885	13	1.777	76	1	4.5074	5381300818	3902767
9800	22070	1.0883	16	1.755	73	1	4.5041	5456649490	38220931
9900	21532	1.0845	17	1.7386	69	1	4.3499	5574582252	4727171
10000	21913	1.0852	14	1.7346	74	1	4.3826	5742907325	3212757
Done in 5742907325 ns
Start computing the 9th graph now

Nodes	Edges	Alpha	Max_Dep	Average_Dep	Max_Deg	Min_Deg	Avg_Deg	Graph_Time	Analysis_time	Diameter
100	203	1.1537	7	1.74	24	1	4.06	2712431	19583
200	515	1.1785	8	1.855	38	1	5.15	3810612	18431
300	632	1.1306	8	1.71	27	1	4.2133	5024755	214645
400	964	1.1468	12	1.875	35	1	4.82	7122435	39166
500	1082	1.1242	10	1.698	28	1	4.328	9400585	43006
600	1489	1.1421	9	1.8567	37	1	4.9633	12707800	51838
700	1478	1.1141	10	1.6771	29	1	4.2229	16039590	72956
800	1897	1.1292	13	1.8363	47	1	4.7425	20450362	76412
900	1985	1.1163	16	1.7533	46	1	4.4111	24898764	263794
1000	2432	1.1287	12	1.853	47	1	4.864	30252590	115194
1100	2451	1.1144	11	1.7591	47	1	4.4564	39163601	161271
1200	2481	1.1024	9	1.6833	41	1	4.135	44604206	153976
1300	3082	1.1204	15	1.7923	55	1	4.7415	53404631	264945
1400	2970	1.1038	9	1.7171	38	1	4.2429	59466131	145528
1500	3423	1.1128	13	1.7853	46	1	4.564	67081211	168951
1600	3329	1.0993	8	1.6988	41	1	4.1613	73866128	182390
1700	3765	1.1069	10	1.7794	43	1	4.4294	81878628	236148
1800	4040	1.1079	13	1.7639	46	1	4.4889	93354238	582881
1900	4095	1.1017	10	1.7095	47	1	4.3105	119944048	219252
2000	4515	1.1071	13	1.7715	49	1	4.515	165251320	821716
2100	4546	1.101	8	1.7405	44	1	4.3295	180032225	498789
2200	4887	1.1037	12	1.7395	58	1	4.4427	202496559	354029
2300	5067	1.102	16	1.7391	69	1	4.4061	216277582	405098
2400	5278	1.1013	14	1.76	51	1	4.3983	229771772	450792
2500	5609	1.1033	15	1.7808	76	1	4.4872	245748006	521060
2600	5828	1.1026	11	1.7535	51	1	4.4831	265620479	701914
2700	5828	1.0974	15	1.7389	45	1	4.317	282614257	799446
2800	6387	1.1039	14	1.7657	53	1	4.5621	300507316	584033
2900	6349	1.0983	14	1.7276	56	1	4.3786	315638026	601312
3000	7148	1.1084	12	1.8177	82	1	4.7653	333461585	960332
3100	6528	1.0926	10	1.7006	48	1	4.2116	355724330	589792
3200	7341	1.1029	16	1.7841	54	1	4.5881	393065180	665436
3300	7071	1.0941	14	1.7324	59	1	4.2855	442643456	742616
3400	7476	1.0969	10	1.7503	64	1	4.3976	462957505	658909
3500	7567	1.0945	13	1.7397	65	1	4.324	516701574	1653799
3600	8053	1.0983	13	1.7489	63	1	4.4739	582509509	1712549
3700	8235	1.0974	12	1.7543	60	1	4.4514	644484945	1990934
3800	8199	1.0933	15	1.7271	81	1	4.3153	666425147	856274
3900	9063	1.102	14	1.7841	78	1	4.6477	690215746	936910
4000	8651	1.093	12	1.7408	44	1	4.3255	730631120	1064775
4100	9240	1.0977	14	1.7883	58	1	4.5073	754578383	966860
4200	9213	1.0942	14	1.7312	60	1	4.3871	795269454	2092304
4300	9348	1.0928	12	1.7328	46	1	4.3479	948378574	5588821
4400	9848	1.096	11	1.7798	55	1	4.4764	1256000643	1154242
4500	10089	1.096	15	1.7638	66	1	4.484	1339999221	1145027
4600	10161	1.094	12	1.7322	73	1	4.4178	1366668514	1206463
4700	10506	1.0951	14	1.7715	70	1	4.4706	1443443287	1525166
4800	10533	1.0927	12	1.7406	60	1	4.3888	1560308970	1299387
4900	10915	1.0943	16	1.7565	65	1	4.4551	1635976729	1263293
5000	10849	1.0909	12	1.7408	53	1	4.3396	1667870831	1335096
5100	10905	1.089	11	1.7188	60	1	4.2765	1694661846	3258449
5200	11173	1.0894	12	1.7198	65	1	4.2973	1736201896	1433779
5300	11468	1.09	13	1.7357	47	1	4.3275	1774736538	36390501
5400	12063	1.0935	13	1.7631	62	1	4.4678	1817378609	1492913
5500	12070	1.0913	12	1.7322	67	1	4.3891	2032312262	2432893
5600	12148	1.0897	15	1.733	57	1	4.3386	2076402703	1451058
5700	12634	1.092	12	1.7614	68	1	4.433	2121943819	1599275
5800	12761	1.091	12	1.7572	83	1	4.4003	2202977307	1301691
5900	12672	1.088	12	1.7239	89	1	4.2956	2241013544	2083088
6000	13200	1.0906	12	1.7375	72	1	4.4	2301675003	1692965
6100	13920	1.0947	12	1.7716	109	1	4.5639	2348717094	1624617
6200	13768	1.0914	16	1.7698	80	1	4.4413	2393164252	2876774
6300	13884	1.0903	14	1.7457	66	1	4.4076	2436620359	1519791
6400	13863	1.0882	11	1.7338	69	1	4.3322	2479314650	2784619
6500	14541	1.0917	12	1.7551	94	1	4.4742	2592505650	1892635
6600	14744	1.0914	15	1.7665	74	1	4.4679	2766568913	2237448
6700	14866	1.0905	12	1.7424	81	1	4.4376	2870206888	1973270
6800	15156	1.0908	13	1.7672	60	1	4.4576	2910277832	1815839
6900	15462	1.0913	12	1.7478	80	1	4.4817	2959281290	1796640
7000	15434	1.0893	11	1.7571	61	1	4.4097	3036846292	2589173
7100	15635	1.089	12	1.7441	61	1	4.4042	3143753084	2011285
7200	15756	1.0882	14	1.7381	60	1	4.3767	3199242339	1985942
7300	15867	1.0873	15	1.7405	80	1	4.3471	3290428629	2317316
7400	16118	1.0874	12	1.7347	72	1	4.3562	3342141062	2171020
7500	16297	1.087	11	1.7405	64	1	4.3459	3507596658	5695183
7600	16724	1.0883	14	1.74	87	1	4.4011	3637015781	4158498
7700	17333	1.0907	13	1.7678	76	1	4.5021	3756085506	2154893
7800	17402	1.0895	12	1.7523	62	1	4.4621	3859887441	2112271
7900	18051	1.0921	15	1.7767	105	1	4.5699	3970531889	2283909
8000	17576	1.0876	11	1.7414	55	1	4.394	4099854634	4538253
8100	17591	1.0862	17	1.7415	73	1	4.3435	4255491875	23510294
8200	17875	1.0865	14	1.7451	58	1	4.3598	4423035167	2192523
8300	18052	1.0861	12	1.7311	60	1	4.3499	4473720455	42755345
8400	18403	1.0868	15	1.7443	61	1	4.3817	4622086277	9921261
8500	19350	1.0909	18	1.7767	74	1	4.5529	4792140795	2338434
8600	19053	1.0878	17	1.747	68	1	4.4309	4909441143	1842717
8700	18825	1.0851	14	1.7231	83	1	4.3276	4966873718	2321156
8800	19744	1.089	12	1.7559	63	1	4.4873	5098834401	9943916
8900	20244	1.0904	19	1.7688	70	1	4.5492	5314828604	2542328
9000	19350	1.0841	15	1.7327	64	1	4.3	5476364921	2749677
9100	20119	1.087	13	1.7595	63	1	4.4218	5545056158	2439421
9200	19714	1.0835	16	1.7267	77	1	4.2857	5626529686	2512762
9300	20528	1.0866	12	1.7526	73	1	4.4146	5701614948	2565751
9400	20211	1.0837	18	1.7246	61	1	4.3002	5880628858	2567286
9500	20347	1.0832	16	1.7198	58	1	4.2836	6000074499	2703216
9600	20909	1.0849	15	1.7303	99	1	4.356	6072703445	2684784
9700	21577	1.0871	12	1.754	75	1	4.4489	6210014882	2778475
9800	21762	1.0868	13	1.7562	80	1	4.4412	6294243464	6463526
9900	21326	1.0834	11	1.7269	58	1	4.3083	6368864880	3107161
10000	22206	1.0866	18	1.7497	66	1	4.4412	6438027644	2761196
Done in 6438027644 ns
Start computing the 10th graph now

Nodes	Edges	Alpha	Max_Dep	Average_Dep	Max_Deg	Min_Deg	Avg_Deg	Graph_Time	Analysis_time	Diameter
100	206	1.1569	6	1.72	17	1	4.12	432744	16128
200	368	1.1151	7	1.565	20	1	3.68	1041736	17663
300	702	1.1491	7	1.7933	41	1	4.68	2481659	28799
400	874	1.1305	13	1.73	38	1	4.37	5817289	42622
500	1091	1.1255	12	1.714	45	1	4.364	8146124	294512
600	1244	1.114	12	1.695	41	1	4.1467	13155136	87163
700	1570	1.1233	11	1.7443	39	1	4.4857	16673156	87547
800	1639	1.1073	12	1.6913	32	1	4.0975	20275267	95995
900	2091	1.1239	9	1.8078	43	1	4.6467	24737876	95995
1000	2183	1.113	10	1.74	35	1	4.366	29906239	114042
1100	2604	1.1231	11	1.8018	73	1	4.7345	37464106	183542
1200	2782	1.1186	13	1.7633	52	1	4.6367	47962104	219636
1300	2808	1.1074	8	1.75	36	1	4.32	54051634	197366
1400	2890	1.1	9	1.685	35	1	4.1286	65134817	473063
1500	3360	1.1103	13	1.7587	46	1	4.48	76371976	749528
1600	3566	1.1086	12	1.7831	42	1	4.4575	95144348	309103
1700	3810	1.1085	11	1.7576	69	1	4.4824	103951300	273778
1800	4102	1.1099	11	1.77	55	1	4.5578	113571137	299120
1900	4471	1.1134	11	1.7947	49	1	4.7063	125315533	324462
2000	4354	1.1023	12	1.728	75	1	4.354	135396146	338669
2100	4786	1.1077	11	1.7867	67	1	4.5581	149803439	12343404
2200	4698	1.0986	14	1.7141	63	1	4.2709	167887335	411626
2300	4974	1.0996	11	1.7317	69	1	4.3252	179323779	436200
2400	5193	1.0992	11	1.7242	76	1	4.3275	232395500	1221438
2500	5430	1.0991	14	1.7292	60	1	4.344	254755775	2653682
2600	5652	1.0988	11	1.7273	47	1	4.3477	267413658	515300
2700	6281	1.1069	16	1.79	68	1	4.6526	284589827	784086
2800	6149	1.0991	14	1.7343	60	1	4.3921	319911329	668125
2900	6572	1.1026	12	1.771	57	1	4.5324	337995225	676572
3000	6374	1.0941	11	1.7183	50	1	4.2493	353502620	689627
3100	6775	1.0973	12	1.7335	45	1	4.371	394699392	1146562
3200	6852	1.0943	12	1.7291	55	1	4.2825	410965914	727641
3300	7227	1.0968	14	1.7448	51	1	4.38	430713978	1279035
3400	7551	1.0981	11	1.7553	64	1	4.4418	470122557	882001
3500	7722	1.097	17	1.7409	85	1	4.4126	502516216	978763
3600	8404	1.1035	16	1.7925	84	1	4.6689	586832729	826323
3700	7778	1.0904	12	1.7149	77	1	4.2043	618006485	514916
3800	8198	1.0933	10	1.7145	44	1	4.3147	636608754	897360
3900	8697	1.097	12	1.7513	55	1	4.46	664342439	1057863
4000	8746	1.0943	12	1.749	54	1	4.373	686805621	2004373
4100	8828	1.0922	11	1.7315	53	1	4.3063	724105385	1152706
4200	9466	1.0974	12	1.7607	49	1	4.5076	780763858	1199167
4300	9650	1.0966	14	1.7635	77	1	4.4884	845409104	1063239
4400	9535	1.0922	11	1.7575	60	1	4.3341	917551164	1144642
4500	9689	1.0912	11	1.7264	66	1	4.3062	1017855814	1094725
4600	10215	1.0946	12	1.7563	63	1	4.4413	1041603407	1018314
4700	10095	1.0904	15	1.7287	52	1	4.2957	1133993855	1114693
4800	10646	1.094	17	1.7508	87	1	4.4358	1206613586	1231806
4900	10739	1.0923	14	1.7461	63	1	4.3833	1284497675	1684518
5000	10853	1.091	14	1.7322	58	1	4.3412	1314601280	1247933
5100	11293	1.0931	15	1.7545	66	1	4.4286	1342406768	1306682
5200	11530	1.0931	15	1.7527	55	1	4.4346	1375593344	1412277
5300	12025	1.0955	13	1.7758	72	1	4.5377	1413139623	1989397
5400	12138	1.0942	16	1.7672	60	1	4.4956	1450788809	1446834
5500	12313	1.0936	21	1.7618	93	1	4.4775	1531454445	3256145
5600	12079	1.0891	15	1.7464	70	1	4.3139	1584710860	1604266
5700	12666	1.0923	14	1.7588	62	1	4.4442	1619389581	1434163
5800	12617	1.0897	11	1.7434	48	1	4.3507	1685959331	1457970
5900	12720	1.0885	11	1.7297	48	1	4.3119	1721300417	1676839
6000	12725	1.0864	12	1.7238	54	1	4.2417	1842278136	3313742
6100	13648	1.0924	13	1.7638	91	1	4.4748	1907585746	2618356
6200	13387	1.0881	14	1.7184	63	1	4.3184	1948973355	1552429
6300	13901	1.0905	13	1.7389	56	1	4.413	2058954671	1493296
6400	14556	1.0938	13	1.7858	54	1	4.5488	2099526709	4378133
6500	14159	1.0887	12	1.7332	52	1	4.3566	2137610175	1573548
6600	14630	1.0905	11	1.743	59	1	4.4333	2242032236	1626153
6700	14680	1.089	12	1.7418	61	1	4.3821	2292352359	2024340
6800	15090	1.0903	13	1.7518	71	1	4.4382	2358451350	1815071
6900	15334	1.0903	13	1.7616	54	1	4.4446	2572745677	4505230
7000	15816	1.0921	18	1.771	70	1	4.5189	2715728491	2888294
7100	15623	1.0889	15	1.7449	81	1	4.4008	2800298046	2404095
7200	16108	1.0907	14	1.775	89	1	4.4744	2899890414	15774644
7300	16467	1.0914	15	1.763	61	1	4.5115	2979573063	16065316
7400	16488	1.0899	13	1.7565	63	1	4.4562	3137527236	2403711
7500	16731	1.0899	15	1.7553	67	1	4.4616	3200637715	2180619
7600	17639	1.0942	14	1.7843	98	1	4.6418	3270354945	3104090
7700	16966	1.0883	15	1.7571	63	1	4.4068	3448201558	3136344
7800	17254	1.0886	14	1.7496	72	1	4.4241	3586117379	34047843
7900	17337	1.0876	13	1.7429	67	1	4.3891	3719841296	2553464
8000	17650	1.088	16	1.7525	66	1	4.4125	3795432259	2805354
8100	17927	1.0883	13	1.7481	86	1	4.4264	3856844014	3748023
8200	17942	1.0869	12	1.7429	72	1	4.3761	4018040893	3099098
8300	18190	1.0869	15	1.7427	105	1	4.3831	4093944800	2421374
8400	18660	1.0883	13	1.7537	81	1	4.4429	4215631729	6245042
8500	19440	1.0914	13	1.7818	74	1	4.5741	4293528105	5152620
8600	18900	1.0869	12	1.7588	64	1	4.3953	4351095457	3228115
8700	19345	1.0881	16	1.7695	83	1	4.4471	4428144006	2433278
8800	19689	1.0887	15	1.7624	67	1	4.4748	4494636577	2818793
8900	19845	1.0882	14	1.7636	92	1	4.4596	4653602920	2917475
9000	19849	1.0869	18	1.743	96	1	4.4109	4740094677	46726844
9100	20046	1.0866	14	1.7451	63	1	4.4057	4938455392	2497018
9200	20041	1.0853	16	1.7363	80	1	4.3567	5006955023	3288016
9300	20555	1.0868	13	1.7524	101	1	4.4204	5074306940	9999593
9400	20394	1.0847	16	1.7391	63	1	4.3391	5170747988	48925126
9500	21235	1.0878	13	1.768	65	1	4.4705	5327891964	3033438
9600	20812	1.0844	14	1.7308	75	1	4.3358	5558369488	2616436
9700	20984	1.0841	13	1.7308	74	1	4.3266	5688714770	4591627
9800	21398	1.085	13	1.7369	69	1	4.3669	5766596555	7449586
9900	21979	1.0867	15	1.7587	69	1	4.4402	5849442042	4062503
10000	22090	1.086	12	1.7502	62	1	4.418	5933383791	2862951
Done in 5933383791 ns
Degrees:	1	Frequency:	25480
Degrees:	2	Frequency:	19661
Degrees:	3	Frequency:	13821
Degrees:	4	Frequency:	9708
Degrees:	5	Frequency:	7049
Degrees:	6	Frequency:	5140
Degrees:	7	Frequency:	3871
Degrees:	8	Frequency:	2967
Degrees:	9	Frequency:	2303
Degrees:	10	Frequency:	1838
Degrees:	11	Frequency:	1363
Degrees:	12	Frequency:	1153
Degrees:	13	Frequency:	909
Degrees:	14	Frequency:	737
Degrees:	15	Frequency:	631
Degrees:	17	Frequency:	415
Degrees:	16	Frequency:	501
Degrees:	19	Frequency:	285
Degrees:	18	Frequency:	320
Degrees:	21	Frequency:	229
Degrees:	20	Frequency:	223
Degrees:	23	Frequency:	150
Degrees:	22	Frequency:	170
Degrees:	25	Frequency:	114
Degrees:	24	Frequency:	152
Degrees:	27	Frequency:	81
Degrees:	26	Frequency:	83
Degrees:	29	Frequency:	57
Degrees:	28	Frequency:	68
Degrees:	31	Frequency:	40
Degrees:	30	Frequency:	56
Degrees:	34	Frequency:	34
Degrees:	35	Frequency:	42
Degrees:	32	Frequency:	44
Degrees:	33	Frequency:	36
Degrees:	38	Frequency:	22
Degrees:	39	Frequency:	24
Degrees:	36	Frequency:	25
Degrees:	37	Frequency:	29
Degrees:	42	Frequency:	17
Degrees:	43	Frequency:	15
Degrees:	40	Frequency:	13
Degrees:	41	Frequency:	14
Degrees:	46	Frequency:	7
Degrees:	47	Frequency:	5
Degrees:	44	Frequency:	3
Degrees:	45	Frequency:	9
Degrees:	51	Frequency:	5
Degrees:	50	Frequency:	2
Degrees:	49	Frequency:	8
Degrees:	48	Frequency:	8
Degrees:	55	Frequency:	4
Degrees:	54	Frequency:	5
Degrees:	53	Frequency:	8
Degrees:	52	Frequency:	8
Degrees:	59	Frequency:	3
Degrees:	58	Frequency:	2
Degrees:	57	Frequency:	4
Degrees:	56	Frequency:	4
Degrees:	63	Frequency:	1
Degrees:	62	Frequency:	4
Degrees:	61	Frequency:	1
Degrees:	60	Frequency:	2
Degrees:	69	Frequency:	2
Degrees:	70	Frequency:	1
Degrees:	64	Frequency:	1
Degrees:	65	Frequency:	3
Degrees:	66	Frequency:	2
Degrees:	76	Frequency:	1
Degrees:	79	Frequency:	1
Degrees:	72	Frequency:	2
Degrees:	74	Frequency:	1
Degrees:	75	Frequency:	1
Degrees:	87	Frequency:	1
Degrees:	80	Frequency:	1
