Start computing the 1th graph now

Nodes	Edges	Alpha	Max_Dep	Average_Dep	Max_Deg	Min_Deg	Avg_Deg	Graph_Time	Analysis_time	Diameter
100	220	1.1712	8	1.78	20	1	4.4	395498	15360
200	586	1.2029	10	1.985	43	1	5.86	1702565	19198
300	792	1.1702	12	1.9167	41	1	5.28	3569857	28030
400	1195	1.1827	11	1.97	55	1	5.975	7107076	42621
500	1541	1.1811	15	1.98	67	1	6.164	12641372	63356
600	1555	1.1489	13	1.8967	43	1	5.1833	16208541	112506
700	2072	1.1657	18	1.9529	58	1	5.92	24910667	88315
800	2582	1.1753	13	2.0613	85	1	6.455	39127507	124409
900	2810	1.1674	18	2.0311	99	1	6.2444	53271007	150136
1000	3031	1.1605	15	2.045	67	1	6.062	65095271	167031
1100	3583	1.1686	16	2.0982	69	1	6.5145	78348322	182774
1200	3662	1.1574	13	2.025	78	1	6.1033	95321749	236148
1300	4419	1.1706	18	2.1338	117	1	6.7985	115413474	251506
1400	5051	1.1771	19	2.1586	105	1	7.2157	148611570	307568
1500	4426	1.148	18	1.9407	133	1	5.9013	169585680	281073
1600	4996	1.1543	15	2.0375	115	1	6.245	192376781	471142
1700	5705	1.1628	18	2.1129	114	1	6.7118	219134390	354413
1800	5304	1.1442	20	2.0328	69	1	5.8933	243026360	333679
1900	5386	1.138	21	1.9405	70	1	5.6695	294420858	477286
2000	5818	1.1405	15	1.9895	83	1	5.818	314428875	360173
2100	7091	1.1591	22	2.1	115	1	6.7533	419903040	460391
2200	7143	1.153	17	2.1041	126	1	6.4936	460526146	501861
2300	7398	1.1509	16	2.1078	79	1	6.433	503571395	848595
2400	7836	1.152	18	2.1021	136	1	6.53	540092065	1074758
2500	6569	1.1235	15	1.9084	68	1	5.2552	560165743	4004138
2600	7896	1.1413	16	2.0254	95	1	6.0738	618232268	638174
2700	8564	1.1461	18	2.0641	168	1	6.3437	689177464	617823
2800	9090	1.1484	23	2.0682	143	1	6.4929	807534139	801749
2900	8758	1.1386	16	2.0252	118	1	6.04	836947734	692315
3000	10122	1.1519	20	2.1053	121	1	6.748	936257876	782550
3100	9864	1.144	19	2.0132	134	1	6.3639	1004132388	618207
3200	10893	1.1518	26	2.1428	152	1	6.8081	1055573732	1080134
3300	10560	1.1436	19	2.0615	139	1	6.4	1099569714	754904
3400	9857	1.1309	23	2.0065	79	1	5.7982	1131038366	773335
3500	10775	1.1378	20	2.0317	124	1	6.1571	1201899086	842451
3600	10919	1.1355	15	2.0367	102	1	6.0661	1291071403	1100869
3700	11821	1.1414	25	2.0608	132	1	6.3897	1383551319	994891
3800	12365	1.1431	29	2.1003	173	1	6.5079	1533731828	1045960
3900	11951	1.1354	15	2.0413	112	1	6.1287	1588817520	1441843
4000	13695	1.1484	19	2.1288	195	1	6.8475	1682838346	1210687
4100	14036	1.1479	26	2.1324	153	1	6.8468	1802807735	1093574
4200	12120	1.127	19	1.964	148	1	5.7714	1846021551	20654639
4300	13581	1.1375	22	2.0484	178	1	6.3167	1974379739	15109976
4400	13184	1.1308	17	1.9968	131	1	5.9927	2125032543	1635368
4500	15082	1.1438	22	2.1022	206	1	6.7031	2334285219	1242173
4600	14161	1.1333	21	2.037	203	1	6.157	2455048678	1720612
4700	16436	1.1481	22	2.1338	239	1	6.994	2642542774	1292091
4800	15147	1.1356	21	2.0463	202	1	6.3113	2823357548	1305146
4900	17228	1.148	32	2.1076	246	1	7.0318	3015237842	1728675
5000	16095	1.1373	20	2.0888	159	1	6.438	3104398256	46425804
5100	16426	1.137	21	2.0604	137	1	6.4416	3376406230	26846692
5200	15923	1.1308	18	2.0494	128	1	6.1242	3574921304	1429556
5300	17521	1.1394	23	2.0708	198	1	6.6117	3770945120	1485616
5400	17049	1.1338	20	2.0561	145	1	6.3144	3863054112	1510959
5500	17678	1.1356	21	2.0887	123	1	6.4284	3948094810	1643433
5600	17111	1.1294	22	2.032	114	1	6.1111	4019971540	1614634
5700	17702	1.131	18	2.0547	133	1	6.2112	4099469111	1487536
5800	19219	1.1383	21	2.0829	229	1	6.6272	4217454095	1564332
5900	19400	1.1371	23	2.089	161	1	6.5763	4320058014	1919129
6000	19915	1.1379	22	2.0955	210	1	6.6383	4516701573	1684134
6100	19673	1.1343	20	2.0375	173	1	6.4502	4752785581	1680678
6200	19414	1.1307	20	2.0655	158	1	6.2626	4877160366	1521711
6300	19975	1.1319	20	2.061	210	1	6.3413	4983629038	1655335
6400	20695	1.1339	21	2.0872	173	1	6.4672	5105149704	1658023
6500	20978	1.1335	22	2.0745	197	1	6.4548	5225222383	1772833
6600	21084	1.1321	21	2.0477	168	1	6.3891	5345773885	3631294
6700	21326	1.1314	26	2.0454	168	1	6.366	5459220999	1766689
6800	22348	1.1348	36	2.0769	269	1	6.5729	5599562034	2065041
6900	21695	1.1296	21	2.0267	186	1	6.2884	5715796071	1896859
7000	22214	1.1304	23	2.062	244	1	6.3469	5831608115	1891099
7100	21686	1.1259	18	2.0254	183	1	6.1087	5969437540	2056978
7200	24710	1.1388	22	2.1393	198	1	6.8639	6137645501	1987094
7300	24618	1.1367	24	2.1196	186	1	6.7447	6502562296	2119567
7400	24450	1.1341	25	2.078	231	1	6.6081	6850348616	590944
7500	24360	1.132	21	2.0973	145	1	6.496	7074412532	3738040
7600	25412	1.1351	23	2.0824	259	1	6.6874	7416690282	2113039
7700	24838	1.1309	26	2.0592	157	1	6.4514	7650532235	3769142
7800	25876	1.1338	24	2.0804	250	1	6.6349	7979363409	2376065
7900	25508	1.1306	21	2.0851	180	1	6.4577	8223084385	2198282
8000	25223	1.1278	21	2.0651	167	1	6.3058	8526831333	25437487
8100	25884	1.1291	26	2.0585	188	1	6.3911	8735438540	2227081
8200	26307	1.1294	28	2.0679	250	1	6.4163	9055872083	2200586
8300	25767	1.1255	19	2.0436	152	1	6.2089	9257726627	2356098
8400	25601	1.1233	20	2.0098	155	1	6.0955	9433812693	22648260
8500	27812	1.131	27	2.0688	239	1	6.544	9701844176	3142104
8600	27181	1.127	22	2.0456	154	1	6.3212	9860956431	2343426
8700	28415	1.1305	23	2.0731	208	1	6.5322	10049950351	2398336
8800	28012	1.1275	21	2.0714	194	1	6.3664	10338843054	22725056
8900	28753	1.129	27	2.0821	197	1	6.4613	10583258264	2501243
9000	29284	1.1296	22	2.0769	146	1	6.5076	10797076455	4697221
9100	28328	1.1246	21	2.0596	145	1	6.2259	11014187655	2428670
9200	30708	1.1321	28	2.1043	199	1	6.6757	11330489195	1278268
9300	30199	1.1289	23	2.0709	204	1	6.4944	11656108765	34662209
9400	31133	1.1309	28	2.1072	199	1	6.624	11839877108	4565132
9500	31959	1.1325	25	2.1122	188	1	6.7282	12046804788	2643315
9600	30410	1.1257	29	2.0657	145	1	6.3354	12188902913	2662514
9700	31210	1.1273	22	2.0613	209	1	6.4351	12375137940	2966242
9800	32415	1.1302	24	2.0856	178	1	6.6153	12590752004	3091418
9900	33090	1.1312	25	2.0774	230	1	6.6848	12816776519	7091332
10000	30880	1.1224	18	2.0353	132	1	6.176	13023036460	3147864
Done in 13023036460 ns
Start computing the 2th graph now

Nodes	Edges	Alpha	Max_Dep	Average_Dep	Max_Deg	Min_Deg	Avg_Deg	Graph_Time	Analysis_time	Diameter
100	296	1.2356	7	2.05	26	1	5.92	680796	16127
200	588	1.2035	9	2.035	52	1	5.88	2109968	18047
300	958	1.2036	13	2.16	49	1	6.3867	35111466	34942
400	1045	1.1603	13	1.8825	50	1	5.225	37742877	38782
500	1712	1.1981	18	2.102	74	1	6.848	43939537	57981
600	1963	1.1853	16	2.0917	84	1	6.5433	51044693	73724
700	2208	1.1754	16	2.0471	76	1	6.3086	58978861	173558
800	2721	1.1831	20	2.145	94	1	6.8025	69403135	95995
900	2574	1.1545	15	1.9533	76	1	5.72	77806142	133241
1000	3178	1.1674	19	2.053	71	1	6.356	103324649	275313
1100	3091	1.1475	13	1.9655	53	1	5.62	110900564	215796
1200	4234	1.1778	19	2.1425	105	1	7.0567	130151758	210421
1300	4235	1.1647	17	2.0392	100	1	6.5154	148389246	213109
1400	4255	1.1534	17	2.0357	81	1	6.0786	168880693	1959831
1500	5230	1.1708	15	2.1413	135	1	6.9733	327214621	523364
1600	5070	1.1563	18	2.0725	87	1	6.3375	346472342	297969
1700	5546	1.159	17	2.0906	111	1	6.5247	369790646	698075
1800	6313	1.1674	21	2.1683	146	1	7.0144	397302774	386283
1900	6490	1.1627	19	2.1284	145	1	6.8316	428360952	471143
2000	6871	1.1624	19	2.149	99	1	6.871	461361298	448104
2100	6655	1.1508	24	2.0286	166	1	6.3381	492395285	491494
2200	7154	1.1532	16	2.0664	140	1	6.5036	521629945	541411
2300	6995	1.1437	22	2.0109	110	1	6.0826	562216574	546019
2400	7051	1.1385	21	1.9783	110	1	5.8758	591307242	559842
2500	8141	1.1509	24	2.0752	154	1	6.5128	630112974	1524014
2600	8779	1.1548	23	2.1312	153	1	6.7531	676540314	743768
2700	8915	1.1512	22	2.0548	151	1	6.6037	729172378	652765
2800	9217	1.1501	18	2.0889	100	1	6.5836	770020113	807124
2900	9360	1.147	16	2.0766	156	1	6.4552	821021800	681180
3000	10313	1.1542	19	2.1113	139	1	6.8753	899269901	786774
3100	9486	1.1391	20	2.0194	106	1	6.12	975578907	696154
3200	10628	1.1487	27	2.1034	171	1	6.6425	1045146768	723034
3300	9890	1.1355	17	2.0152	126	1	5.9939	1084931263	747224
3400	10993	1.1443	19	2.0629	126	1	6.4665	1210820463	973772
3500	12088	1.1519	23	2.1234	116	1	6.9074	1322029360	1312826
3600	11090	1.1374	18	2.0383	141	1	6.1611	1451564446	2079632
3700	11364	1.1366	22	2.0305	182	1	6.1427	1537525543	341357
3800	12604	1.1455	18	2.1079	134	1	6.6337	1607050784	1120453
3900	12362	1.1395	21	2.0621	102	1	6.3395	1726390447	1120836
4000	12719	1.1395	20	2.053	131	1	6.3595	1903870743	1148482
4100	12509	1.1341	26	2.0234	117	1	6.102	2016574473	1640360
4200	14800	1.151	23	2.1362	144	1	7.0476	2184100102	1161921
4300	14270	1.1434	19	2.1123	135	1	6.6372	2257970070	1974423
4400	13352	1.1323	21	2.0382	123	1	6.0691	2326981546	1699493
4500	14487	1.139	19	2.07	178	1	6.4387	2408051896	1247549
4600	15295	1.1425	20	2.0848	151	1	6.65	2571138338	7454193
4700	16028	1.1451	27	2.0934	231	1	6.8204	2724088875	1638824
4800	14492	1.1304	21	2.026	136	1	6.0383	2839537674	1315898
4900	14552	1.1281	19	2.0024	106	1	5.9396	2992683272	1363511
5000	16000	1.1366	20	2.0846	158	1	6.4	3072413150	1387318
5100	16640	1.1385	21	2.0765	182	1	6.5255	3180779832	1393077
5200	16399	1.1342	24	2.0773	124	1	6.3073	3351613828	1465649
5300	17171	1.1371	20	2.0677	123	1	6.4796	3461857786	1489840
5400	17231	1.135	27	2.0643	199	1	6.3819	3664016826	1517487
5500	17608	1.1351	20	2.0573	128	1	6.4029	3977845922	1532078
5600	16909	1.128	18	2.0152	184	1	6.0389	4124126735	30494112
5700	18534	1.1363	25	2.0604	168	1	6.5032	4295312456	1492528
5800	18716	1.1352	19	2.075	144	1	6.4538	4419525202	3487301
5900	19494	1.1376	21	2.0846	218	1	6.6081	4554043957	1664550
6000	18511	1.1295	24	2.03	147	1	6.1703	4763407987	1591979
6100	18656	1.1283	26	2.0308	139	1	6.1167	4855050059	1661863
6200	20203	1.1353	23	2.0568	215	1	6.5171	5025219002	1706405
6300	20096	1.1326	26	2.0649	228	1	6.3797	5215328766	1975575
6400	19649	1.128	19	2.0294	231	1	6.1403	5323744214	2920163
6500	21897	1.1383	26	2.1115	265	1	6.7375	5490825578	1856925
6600	20681	1.1299	23	2.0391	210	1	6.267	5647029957	702298
6700	21154	1.1305	21	2.0428	206	1	6.3146	5846705034	1911833
6800	21755	1.1318	27	2.0681	139	1	6.3985	6005233640	2004757
6900	21201	1.127	19	2.0174	177	1	6.1452	6152323882	2172172
7000	23563	1.1371	24	2.1101	241	1	6.7323	6368147982	2433278
7100	22266	1.1289	18	2.0489	166	1	6.2721	6502149900	2300805
7200	22274	1.1272	22	2.0438	179	1	6.1872	6723138908	2199819
7300	23980	1.1337	22	2.0911	187	1	6.5699	6914823756	2247431
7400	24875	1.1361	22	2.0982	177	1	6.723	7254723906	2083856
7500	24697	1.1336	23	2.0807	234	1	6.5859	7605562479	2511994
7600	24623	1.1316	25	2.0863	227	1	6.4797	7809024745	2164876
7700	24447	1.1291	25	2.0484	150	1	6.3499	7984785965	6071483
7800	24271	1.1267	22	2.0401	141	1	6.2233	8184504047	2137230
7900	24833	1.1276	27	2.0485	135	1	6.2868	8397568487	2283526
8000	26675	1.134	21	2.1076	195	1	6.6688	8644891190	2843368
8100	24611	1.1235	21	2.0221	132	1	6.0768	8777867883	2320388
8200	27265	1.1333	20	2.1015	153	1	6.65	9004785918	2910564
8300	26530	1.1288	19	2.0788	139	1	6.3928	9219865866	16608647
8400	26961	1.1291	29	2.0749	226	1	6.4193	9439397673	53436501
8500	27749	1.1308	25	2.0734	199	1	6.5292	9748061479	2497402
8600	28051	1.1305	27	2.0784	242	1	6.5235	9922372024	4452242
8700	26889	1.1244	19	2.0372	149	1	6.1814	10073654170	5010548
8800	28364	1.1289	22	2.0705	188	1	6.4464	10257653669	3091419
8900	28518	1.1281	25	2.0638	156	1	6.4085	10442261008	2646770
9000	30337	1.1335	25	2.1047	235	1	6.7416	10671121595	6392106
9100	30076	1.1311	24	2.0952	188	1	6.6101	10913970169	2649075
9200	30722	1.1321	27	2.0989	177	1	6.6787	11113052766	6556065
9300	29891	1.1278	26	2.0857	202	1	6.4282	11294643178	4687621
9400	30916	1.1301	24	2.0764	250	1	6.5779	11527168849	2978529
9500	30521	1.1274	23	2.0724	190	1	6.4255	11732686173	7524077
9600	30434	1.1258	19	2.0573	172	1	6.3404	11987112496	3268818
9700	30904	1.1262	25	2.0563	187	1	6.372	12182140653	3222739
9800	31242	1.1262	23	2.0531	157	1	6.3759	12370255260	2709743
9900	32428	1.129	24	2.0828	208	1	6.5511	12590458262	2947427
10000	33881	1.1325	26	2.1003	203	1	6.7762	12900892980	3307599
Done in 12900892980 ns
Start computing the 3th graph now

Nodes	Edges	Alpha	Max_Dep	Average_Dep	Max_Deg	Min_Deg	Avg_Deg	Graph_Time	Analysis_time	Diameter
100	220	1.1712	7	1.67	20	1	4.4	450792	25343
200	572	1.1983	10	2.04	38	1	5.72	1906459	49149
300	1064	1.222	13	2.1433	68	1	7.0933	6642845	91003
400	1141	1.1749	12	2.01	51	1	5.705	10335576	97914
500	1250	1.1474	10	1.872	33	1	5.0	13297978	147832
600	1843	1.1754	18	2.0267	82	1	6.1433	19693156	166263
700	2162	1.1721	14	2.0529	60	1	6.1771	48407524	180470
800	2701	1.182	13	2.125	76	1	6.7525	58150618	1227967
900	2515	1.1511	12	1.9411	57	1	5.5889	67199094	269938
1000	3047	1.1613	14	2.022	77	1	6.094	78627859	274929
1100	3259	1.1551	14	2.0236	70	1	5.9255	90790408	303728
1200	4004	1.17	18	2.1067	102	1	6.6733	112763249	314864
1300	3900	1.1532	16	2.0208	119	1	6.0	127622102	425449
1400	4445	1.1595	14	2.0579	80	1	6.35	176803342	187766
1500	4475	1.1495	15	2.0027	74	1	5.9667	191281671	944206
1600	5118	1.1576	13	2.0938	107	1	6.3975	380950243	240755
1700	5862	1.1664	17	2.1459	140	1	6.8965	478520575	365932
1800	6254	1.1662	14	2.1583	94	1	6.9489	506708891	367468
1900	5238	1.1343	15	1.9621	62	1	5.5137	529397085	1075911
2000	6194	1.1487	15	2.0285	113	1	6.194	558921649	436968
2100	6259	1.1428	16	1.9986	71	1	5.961	586557419	607839
2200	7565	1.1605	20	2.1291	145	1	6.8773	630347588	554082
2300	6736	1.1388	14	1.9513	79	1	5.8574	650926583	615519
2400	7487	1.1462	16	2.0525	94	1	6.2392	692495046	523364
2500	7341	1.1377	18	2.0028	109	1	5.8728	717283224	608223
2600	7649	1.1372	29	1.9908	136	1	5.8838	743846538	633182
2700	8920	1.1513	22	2.1011	172	1	6.6074	798260267	654301
2800	9105	1.1486	16	2.0807	131	1	6.5036	839081891	9885551
2900	9067	1.143	21	2.0717	104	1	6.2531	886292933	1034440
3000	10220	1.1531	23	2.1477	165	1	6.8133	970786461	823636
3100	10261	1.1489	17	2.089	204	1	6.62	1037985170	638942
3200	10750	1.1501	24	2.0903	115	1	6.7188	1160411644	7441138
3300	11219	1.151	21	2.1079	172	1	6.7994	1228270029	834388
3400	10739	1.1414	21	2.0424	129	1	6.3171	1323518436	824020
3500	11661	1.1475	28	2.1054	161	1	6.6634	1426305897	1138883
3600	11044	1.1369	19	2.0569	123	1	6.1356	1491200729	6798356
3700	12109	1.1443	19	2.0749	158	1	6.5454	1604460077	981451
3800	11768	1.1371	19	2.0171	130	1	6.1937	1652515874	1403061
3900	12196	1.1379	23	2.0579	152	1	6.2544	1719557919	1169602
4000	12559	1.1379	23	2.0493	130	1	6.2795	1782709484	1045577
4100	12675	1.1357	21	2.0232	137	1	6.1829	1840183529	1037896
4200	13243	1.1376	18	2.0717	121	1	6.3062	1910630704	1368503
4300	14973	1.1491	20	2.1523	156	1	6.9642	1995747046	1990549
4400	13152	1.1305	18	2.0027	104	1	5.9782	2101781437	1222207
4500	14909	1.1424	25	2.0898	183	1	6.6262	2186304531	1208383
4600	14305	1.1345	18	2.0489	134	1	6.2196	2256459497	1265980
4700	15563	1.1416	21	2.0934	146	1	6.6226	2398877477	32768423
4800	14889	1.1335	22	2.0319	121	1	6.2038	2494183866	1390006
4900	17210	1.1478	27	2.122	218	1	7.0245	2658863439	1391541
5000	15546	1.1332	19	2.0554	146	1	6.2184	2830483441	1878427
5100	16064	1.1344	21	2.0533	123	1	6.2996	2906553995	1406132
5200	15574	1.1282	18	1.9992	115	1	5.99	2983432826	2403327
5300	16420	1.1319	24	2.0564	125	1	6.1962	3056971036	2934371
5400	16562	1.1304	20	2.0285	151	1	6.1341	3178406075	1543982
5500	17527	1.1346	21	2.0525	178	1	6.3735	3269337018	1776673
5600	17690	1.1333	25	2.0263	243	1	6.3179	3446833441	1580075
5700	18207	1.1343	21	2.0633	163	1	6.3884	3554371111	1073223
5800	18469	1.1337	20	2.0497	137	1	6.3686	3675955902	3520707
5900	18019	1.1286	22	2.0103	117	1	6.1081	3842095365	1919897
6000	19575	1.1359	19	2.0592	160	1	6.525	4032167499	1631913
6100	20134	1.137	21	2.0879	203	1	6.6013	4317623586	1656872
6200	19537	1.1314	23	2.0595	172	1	6.3023	4420747412	1575852
6300	19270	1.1278	17	2.0379	124	1	6.1175	4596701773	1754787
6400	20607	1.1334	22	2.0747	166	1	6.4397	4825266695	1745955
6500	20801	1.1325	28	2.054	245	1	6.4003	5026975327	1841949
6600	20599	1.1294	22	2.0562	179	1	6.2421	5263283580	1799327
6700	21875	1.1343	19	2.0809	120	1	6.5299	5451781015	1875740
6800	22437	1.1353	25	2.0951	183	1	6.5991	5610703200	2026259
6900	22636	1.1344	20	2.0841	150	1	6.5612	5860984465	3668539
7000	24982	1.1437	22	2.1417	218	1	7.1377	6113023204	1938329
7100	22658	1.1309	20	2.0637	256	1	6.3825	6242695754	1909914
7200	23325	1.1323	25	2.08	179	1	6.4792	6368473216	2326532
7300	22983	1.1289	18	2.0449	189	1	6.2967	6521256337	1997461
7400	23141	1.128	24	2.0478	188	1	6.2543	6682948550	2579958
7500	24015	1.1304	18	2.0629	131	1	6.404	6820212758	2204042
7600	23708	1.1273	19	2.053	177	1	6.2389	6966841456	2583414
7700	24721	1.1303	20	2.0625	231	1	6.421	7120871359	3116377
7800	25036	1.1301	20	2.0628	186	1	6.4195	7370010669	2217098
7900	25427	1.1303	25	2.0776	214	1	6.4372	7539815216	53924155
8000	24981	1.1267	24	2.0426	176	1	6.2453	7823422442	2403328
8100	25183	1.126	24	2.0404	228	1	6.218	8030400424	2444413
8200	26528	1.1303	22	2.0628	197	1	6.4702	8264215882	2327300
8300	25966	1.1264	23	2.0522	165	1	6.2569	8603659864	2632947
8400	26197	1.1259	22	2.0493	197	1	6.2374	8809630668	2508922
8500	26434	1.1254	23	2.04	187	1	6.2198	8967402834	2503546
8600	27348	1.1277	20	2.0517	152	1	6.36	9146245873	2738157
8700	28355	1.1302	31	2.0666	181	1	6.5184	9355733928	3864753
8800	29061	1.1315	29	2.0818	244	1	6.6048	9592698017	2563063
8900	28433	1.1277	20	2.0778	209	1	6.3894	9788191174	2586869
9000	31795	1.1386	26	2.1299	294	1	7.0656	10113510856	2572663
9100	28886	1.1267	23	2.0634	214	1	6.3486	10285827780	6319534
9200	27577	1.1203	27	2.0298	214	1	5.995	10462595410	2680561
9300	30000	1.1282	24	2.0667	151	1	6.4516	10663164391	2956258
9400	29619	1.1255	18	2.0566	138	1	6.3019	10873099015	3152471
9500	30593	1.1277	23	2.0904	168	1	6.4406	11252681906	2945891
9600	31445	1.1294	25	2.0673	262	1	6.551	11502942820	2303109
9700	31838	1.1295	26	2.087	156	1	6.5645	11797928893	2824553
9800	31267	1.1262	19	2.0407	162	1	6.381	12084423260	3066076
9900	32325	1.1286	25	2.0842	197	1	6.5303	12489826849	4927225
10000	32238	1.1271	29	2.0653	259	1	6.4476	12779598097	3387083
Done in 12779598097 ns
Start computing the 4th graph now

Nodes	Edges	Alpha	Max_Dep	Average_Dep	Max_Deg	Min_Deg	Avg_Deg	Graph_Time	Analysis_time	Diameter
100	345	1.2689	11	2.18	38	1	6.9	988363	16895
200	570	1.1977	15	1.99	45	1	5.7	3527236	27646
300	914	1.1953	9	2.0467	45	1	6.0933	6033470	28414
400	1257	1.1911	15	2.09	64	1	6.285	9779573	39550
500	1401	1.1658	14	1.902	69	1	5.604	16249627	59133
600	1704	1.1632	14	1.94	66	1	5.68	21826545	65277
700	1712	1.1365	10	1.8243	37	1	4.8914	25661732	75644
800	2038	1.1399	16	1.9013	60	1	5.095	30983687	129785
900	2843	1.1691	17	2.0767	105	1	6.3178	42354471	135545
1000	3130	1.1652	23	2.036	101	1	6.26	56065226	223092
1100	3523	1.1662	14	2.0964	71	1	6.4055	67781591	175095
1200	3756	1.1609	14	2.0217	79	1	6.26	87895203	217333
1300	4396	1.1699	18	2.1177	99	1	6.7631	110111102	254578
1400	4267	1.1538	15	2.02	97	1	6.0957	129667943	436969
1500	4724	1.1569	20	2.0747	130	1	6.2987	149175252	1664551
1600	5453	1.1662	15	2.1388	87	1	6.8163	175210979	289136
1700	5839	1.1659	21	2.1618	108	1	6.8694	217916022	374380
1800	5957	1.1597	18	2.0939	98	1	6.6189	248245792	418537
1900	6344	1.1597	20	2.1142	138	1	6.6779	287066115	730713
2000	5524	1.1337	17	1.9235	89	1	5.524	309524690	482278
2100	6766	1.1529	14	2.079	122	1	6.4438	352688205	547171
2200	6957	1.1496	15	2.0686	135	1	6.3245	390211829	609375
2300	7556	1.1537	15	2.1265	112	1	6.5704	465317827	616287
2400	7806	1.1515	19	2.0613	120	1	6.505	503949232	578657
2500	7431	1.1392	17	1.9964	79	1	5.9448	528436754	619359
2600	8205	1.1462	20	2.0496	112	1	6.3115	584405215	1251389
2700	8582	1.1464	19	2.0463	120	1	6.357	766342360	2143374
2800	8879	1.1454	15	2.0575	137	1	6.3421	817428138	674652
2900	8952	1.1414	17	2.0448	94	1	6.1738	859487712	925774
3000	9580	1.145	22	2.0583	157	1	6.3867	905423558	821332
3100	10405	1.1506	18	2.1061	127	1	6.7129	1074459378	1072071
3200	10641	1.1489	19	2.0878	179	1	6.6506	1167481857	1802399
3300	10582	1.1438	21	2.0897	119	1	6.4133	1285477208	974924
3400	11766	1.1527	19	2.0982	194	1	6.9212	1463249712	28964339
3500	11023	1.1406	20	2.0674	146	1	6.2989	1523036081	1012937
3600	11796	1.1449	19	2.0817	100	1	6.5533	1718440922	970316
3700	13546	1.158	18	2.1827	173	1	7.3222	1848667938	1009866
3800	12341	1.1429	17	2.0561	133	1	6.4953	1911495424	2101136
3900	12082	1.1367	19	2.0515	108	1	6.1959	1977898527	1331641
4000	12163	1.1341	22	2.0253	122	1	6.0815	2054644500	1313210
4100	12651	1.1354	20	2.0261	145	1	6.1712	2177101692	2289286
4200	12862	1.1342	19	2.0455	124	1	6.1248	2314709946	1198400
4300	13456	1.1364	23	2.0512	150	1	6.2586	2484132817	2144525
4400	14905	1.1454	23	2.0945	144	1	6.775	2704960938	2470140
4500	14114	1.1359	20	2.0344	189	1	6.2729	2791830531	1266748
4600	15117	1.1411	25	2.0835	121	1	6.5726	2941059155	994507
4700	15115	1.1382	25	2.0538	164	1	6.4319	3148817767	1299003
4800	15299	1.1368	20	2.0554	156	1	6.3746	3231286571	1327801
4900	14761	1.1298	22	2.008	130	1	6.0249	3383458397	1391158
5000	16296	1.1387	31	2.0702	138	1	6.5184	3505844169	5478235
5100	17138	1.142	23	2.1369	185	1	6.7208	3715881699	2828009
5200	16676	1.1362	20	2.076	138	1	6.4138	3981585499	1474097
5300	18836	1.1479	20	2.1296	204	1	7.1079	4225536095	1468721
5400	17427	1.1363	21	2.0576	132	1	6.4544	4308494089	1437619
5500	17717	1.1358	17	2.0629	173	1	6.4425	4408361385	1490225
5600	19274	1.1432	19	2.1368	211	1	6.8836	4524455269	1749795
5700	19397	1.1416	24	2.1161	195	1	6.806	4657119787	1809696
5800	19359	1.1391	20	2.1188	135	1	6.6755	4751840991	5733581
5900	19340	1.1367	23	2.0517	182	1	6.5559	4884459431	2458237
6000	18776	1.1311	19	2.0555	130	1	6.2587	4972386119	1663399
6100	19783	1.135	24	2.0656	146	1	6.4862	5084746955	1694885
6200	19098	1.1288	23	2.041	143	1	6.1606	5176666261	1551277
6300	19922	1.1316	23	2.043	173	1	6.3244	5281662756	3688506
6400	20363	1.1321	26	2.0392	180	1	6.3634	5438042997	2041618
6500	20496	1.1308	22	2.0405	198	1	6.3065	5548250860	2917860
6600	20812	1.1306	21	2.0527	187	1	6.3067	5791162023	1853469
6700	20529	1.1271	23	2.0216	148	1	6.1281	6021992809	2215177
6800	21388	1.1299	21	2.0222	212	1	6.2906	6178088521	35723529
6900	21253	1.1273	19	2.0394	125	1	6.1603	6446236350	2256647
7000	22579	1.1323	23	2.0684	244	1	6.4511	6587972767	1903386
7100	22537	1.1303	20	2.0786	131	1	6.3485	6732509930	764119
7200	23511	1.1332	28	2.0776	180	1	6.5308	6985579270	1966743
7300	22553	1.1268	19	2.0418	145	1	6.1789	7135915675	4292122
7400	23492	1.1297	20	2.0442	159	1	6.3492	7345172958	1975575
7500	23179	1.1265	20	2.0439	105	1	6.1811	7457324525	2050066
7600	22916	1.1235	17	2.0238	102	1	6.0305	7561129147	2044307
7700	23919	1.1267	19	2.0278	124	1	6.2127	7714798109	3862834
7800	25415	1.1318	24	2.0824	245	1	6.5167	7963682457	7793631
7900	26925	1.1366	22	2.1049	230	1	6.8165	8345553482	2270854
8000	25769	1.1302	20	2.0673	135	1	6.4423	8554061238	2325764
8100	25828	1.1288	21	2.0628	165	1	6.3773	8798234926	36933447
8200	25240	1.1248	22	2.0429	215	1	6.1561	9057195662	2386433
8300	26960	1.1306	23	2.0793	196	1	6.4964	9287631332	37508266
8400	28074	1.1335	25	2.103	198	1	6.6843	9556746789	2338819
8500	26685	1.1264	22	2.0572	243	1	6.2788	9797767621	2430206
8600	26858	1.1257	22	2.0483	161	1	6.246	9948885808	2507385
8700	27745	1.1278	26	2.0551	201	1	6.3782	10221094987	2730094
8800	29085	1.1316	20	2.08	239	1	6.6102	10444880902	2731630
8900	29615	1.1322	22	2.0962	174	1	6.6551	10643968490	4318233
9000	28907	1.1282	20	2.0709	176	1	6.4238	10955948342	2230537
9100	29103	1.1275	25	2.0586	165	1	6.3963	11151422299	2536952
9200	28653	1.1245	26	2.0443	197	1	6.2289	11403905302	3609023
9300	30650	1.1305	26	2.0961	159	1	6.5914	11571189408	2569590
9400	32237	1.1347	23	2.119	208	1	6.8589	11795155409	2627187
9500	30714	1.1281	25	2.0756	182	1	6.4661	12145696782	2803050
9600	30840	1.1273	25	2.0605	226	1	6.425	12320655869	2722415
9700	32597	1.132	24	2.0865	338	1	6.721	12550431479	2588406
9800	30946	1.1251	22	2.0572	197	1	6.3155	12712471193	2733934
9900	32964	1.1307	29	2.0881	210	1	6.6594	13166665516	3266129
10000	32757	1.1288	24	2.0895	202	1	6.5514	13582661178	3842482
Done in 13582661178 ns
Start computing the 5th graph now

Nodes	Edges	Alpha	Max_Dep	Average_Dep	Max_Deg	Min_Deg	Avg_Deg	Graph_Time	Analysis_time	Diameter
100	260	1.2075	8	1.9	22	1	5.2	627038	28031
200	640	1.2195	11	2.06	45	1	6.4	2491258	42622
300	904	1.1934	10	2.0167	43	1	6.0267	7178495	96379
400	1467	1.2169	19	2.2125	75	1	7.335	13343285	91771
500	2067	1.2284	14	2.248	90	1	8.268	27550525	67964
600	1641	1.1573	13	1.965	58	1	5.47	31854167	129401
700	2164	1.1723	15	2.0471	67	1	6.1829	39323335	107130
800	2610	1.1769	16	2.125	69	1	6.525	47997431	103291
900	2974	1.1757	16	2.1389	101	1	6.6089	58829491	158584
1000	3189	1.1679	17	2.034	110	1	6.378	70330444	361324
1100	3498	1.1652	15	2.0391	66	1	6.36	92076353	244595
1200	3554	1.1531	12	2.0292	62	1	5.9233	109447200	313711
1300	4142	1.1616	15	2.0723	109	1	6.3723	126358808	1536685
1400	4277	1.1542	13	2.0443	84	1	6.11	144943798	461543
1500	4745	1.1575	15	2.0487	98	1	6.3267	167876203	342126
1600	5492	1.1672	19	2.1538	104	1	6.865	204357323	395498
1700	5775	1.1644	19	2.1294	118	1	6.7941	234500478	426986
1800	5888	1.1581	17	2.1222	110	1	6.5422	261261542	547555
1900	5623	1.1437	14	1.9884	102	1	5.9189	340133610	446568
2000	6320	1.1514	18	2.041	109	1	6.32	380939490	494566
2100	6646	1.1506	22	2.0657	86	1	6.3295	422014924	537955
2200	6841	1.1474	25	2.0409	130	1	6.2191	453253189	547938
2300	6626	1.1367	13	1.9757	62	1	5.7617	496249673	643933
2400	7568	1.1476	20	2.0667	100	1	6.3067	528280471	723801
2500	8498	1.1564	16	2.1292	122	1	6.7984	652523936	637790
2600	7511	1.1349	25	1.9673	114	1	5.7777	718508501	627807
2700	8859	1.1504	17	2.0748	118	1	6.5622	793183290	743001
2800	9202	1.1499	19	2.085	113	1	6.5729	908759186	729561
2900	8303	1.1319	14	1.9679	70	1	5.7262	942375052	794069
3000	9546	1.1446	17	2.0727	103	1	6.364	991861173	793685
3100	10953	1.157	21	2.1168	157	1	7.0665	1128161977	630494
3200	10263	1.1444	19	2.08	118	1	6.4144	1216478788	729561
3300	10994	1.1485	21	2.1139	134	1	6.663	1380633845	2648690
3400	11173	1.1463	21	2.1185	118	1	6.5724	1499996162	928463
3500	10982	1.1401	21	2.0509	149	1	6.2754	1588526081	1162306
3600	11128	1.1378	17	2.0461	153	1	6.1822	1639689040	1158466
3700	12049	1.1437	28	2.0686	215	1	6.513	1732901972	2157965
3800	11871	1.1382	18	2.0413	126	1	6.2479	1798777103	1170754
3900	13249	1.1479	20	2.1072	203	1	6.7944	1999562264	1056328
4000	11597	1.1283	19	1.9893	116	1	5.7985	2062744931	6333741
4100	12579	1.1348	28	2.0244	130	1	6.1361	2177283699	14563189
4200	13310	1.1383	19	2.0567	126	1	6.3381	2315558540	1202240
4300	13704	1.1385	24	2.057	201	1	6.374	2467525705	1645736
4400	14772	1.1444	20	2.0977	162	1	6.7145	2608995640	1328569
4500	14152	1.1362	24	2.0471	139	1	6.2898	2774466210	1352376
4600	15104	1.141	22	2.1046	148	1	6.567	2865643668	2114574
4700	14886	1.1363	20	2.0623	135	1	6.3345	2937837565	1322041
4800	15827	1.1408	21	2.0906	151	1	6.5946	3029212004	1426867
4900	16103	1.14	22	2.0931	180	1	6.5727	3221414456	1406517
5000	15229	1.1308	17	2.0336	121	1	6.0916	3287591011	1279804
5100	15801	1.1325	23	2.0547	103	1	6.1965	3421207414	1363895
5200	16774	1.1369	23	2.0813	212	1	6.4515	3531614179	1652263
5300	17102	1.1366	21	2.074	200	1	6.4536	3641873880	1473713
5400	18084	1.1406	20	2.112	146	1	6.6978	3769193020	1729059
5500	16401	1.1269	18	1.9975	103	1	5.964	3856303368	1825438
5600	19144	1.1424	27	2.1134	155	1	6.8371	4009150998	1592363
5700	18649	1.1371	28	2.0721	156	1	6.5435	4130767659	1558189
5800	18696	1.1351	34	2.0769	196	1	6.4469	4245959576	1587371
5900	19474	1.1375	19	2.0941	163	1	6.6014	4418638593	2846056
6000	19288	1.1342	18	2.0567	213	1	6.4293	4636678639	2010901
6100	19346	1.1324	19	2.0531	111	1	6.343	4786410275	14201864
6200	19984	1.134	22	2.0687	172	1	6.4465	4993993409	1844253
6300	21720	1.1415	25	2.1184	220	1	6.8952	5284824056	2035859
6400	20264	1.1315	24	2.0672	124	1	6.3325	5499046195	1737507
6500	21194	1.1346	21	2.0874	168	1	6.5212	5694185706	2182539
6600	22858	1.1412	27	2.1303	227	1	6.9267	6011249446	2018580
6700	21566	1.1327	20	2.07	168	1	6.4376	6134897358	1967127
6800	22010	1.1331	26	2.0744	146	1	6.4735	6271580605	1943320
6900	22439	1.1334	23	2.0765	173	1	6.5041	6423487869	2262407
7000	22956	1.1341	26	2.0759	179	1	6.5589	6566292517	2008212
7100	21764	1.1263	24	2.0221	181	1	6.1307	6681829248	3858993
7200	22173	1.1266	22	2.0351	147	1	6.1592	6811367021	2086160
7300	24897	1.1379	24	2.1155	176	1	6.8211	7027008731	2031635
7400	24304	1.1335	22	2.0919	206	1	6.5686	7294694633	2096912
7500	24503	1.1327	21	2.0891	151	1	6.5341	7575622834	2455165
7600	24418	1.1306	26	2.0672	209	1	6.4258	7784609796	2329219
7700	23846	1.1263	23	2.0301	169	1	6.1938	7917581882	2229384
7800	26329	1.1357	27	2.0882	284	1	6.751	8125041758	2158732
7900	25977	1.1326	22	2.0838	134	1	6.5765	8371557336	2178316
8000	26790	1.1345	25	2.0989	212	1	6.6975	8618641204	2667889
8100	26376	1.1312	28	2.0712	191	1	6.5126	9027027161	2291974
8200	26029	1.1282	23	2.036	227	1	6.3485	9274326441	2742381
8300	25838	1.1258	24	2.0352	189	1	6.226	9557381120	2041619
8400	27546	1.1314	21	2.0713	246	1	6.5586	9909292531	2563447
8500	28312	1.133	19	2.0954	172	1	6.6616	10199782205	4729475
8600	25774	1.1212	18	2.0035	152	1	5.994	10513791388	2766572
8700	29710	1.1354	24	2.1129	210	1	6.8299	10766962482	2415615
8800	29246	1.1322	24	2.0899	206	1	6.6468	11029147878	2439805
8900	28453	1.1278	19	2.0608	142	1	6.3939	11372457381	2618740
9000	28028	1.1248	24	2.0394	217	1	6.2284	11692251599	2577654
9100	29474	1.1289	25	2.0777	200	1	6.4778	12011421850	5068913
9200	29149	1.1264	23	2.0507	155	1	6.3367	12322654477	2518138
9300	29236	1.1253	23	2.0425	174	1	6.2873	12559271449	4703364
9400	30637	1.1291	22	2.0882	162	1	6.5185	12787934287	2821481
9500	29517	1.1238	24	2.0368	203	1	6.2141	13024638806	2652146
9600	31451	1.1294	24	2.0686	216	1	6.5523	13232541795	3373643
9700	30800	1.1259	23	2.0488	209	1	6.3505	13556596265	2915556
9800	31677	1.1277	30	2.0763	159	1	6.4647	13754903223	3060700
9900	30607	1.1227	21	2.022	218	1	6.1832	14033592824	2253960
10000	32803	1.129	25	2.0688	147	1	6.5606	14366076026	2673649
Done in 14366076026 ns
Start computing the 6th graph now

Nodes	Edges	Alpha	Max_Dep	Average_Dep	Max_Deg	Min_Deg	Avg_Deg	Graph_Time	Analysis_time	Diameter
100	255	1.2033	7	1.9	22	1	5.1	848211	18815
200	717	1.241	15	2.205	52	1	7.17	2992352	22271
300	892	1.191	12	1.9833	40	1	5.9467	5306212	28031
400	1241	1.189	17	2.105	61	1	6.205	8599988	39933
500	1699	1.1968	13	2.1	71	1	6.796	14893411	56061
600	1878	1.1784	19	2.03	80	1	6.26	60572759	163575
700	2046	1.1637	14	2.0186	46	1	5.8457	65558732	91387
800	3000	1.1977	12	2.1963	108	1	7.5	152765458	114426
900	2414	1.145	12	1.9078	61	1	5.3644	160718825	117881
1000	2917	1.155	13	1.946	91	1	5.834	177365103	209653
1100	3072	1.1467	14	1.9436	73	1	5.5855	186013473	149752
1200	3913	1.1667	16	2.0325	84	1	6.5217	201148408	215796
1300	4244	1.165	19	2.0846	80	1	6.5292	217618823	282993
1400	4390	1.1578	15	2.0714	98	1	6.2714	232698848	269554
1500	5394	1.175	30	2.1887	144	1	7.192	269025608	314479
1600	4818	1.1494	17	2.0269	85	1	6.0225	285105899	274162
1700	5199	1.1503	14	2.0282	86	1	6.1165	307878952	588257
1800	5630	1.1521	20	2.0511	85	1	6.2556	337044112	629726
1900	5984	1.152	17	2.0295	125	1	6.2989	367094344	653917
2000	5798	1.14	12	1.9795	69	1	5.798	384659100	640094
2100	6354	1.1447	18	1.9805	121	1	6.0514	412424270	419306
2200	6561	1.142	18	2.0305	117	1	5.9645	448384330	523364
2300	7234	1.148	16	2.0526	107	1	6.2904	479944370	929230
2400	7408	1.1448	20	2.0267	110	1	6.1733	507772897	541411
2500	8180	1.1515	19	2.1088	135	1	6.544	559884669	1390006
2600	7962	1.1423	15	2.0365	72	1	6.1246	590080814	598623
2700	8413	1.1438	17	2.0496	108	1	6.2319	629427573	780630
2800	8379	1.1381	23	2.0264	143	1	5.985	669695882	1137347
2900	8954	1.1414	20	2.04	114	1	6.1752	706554838	704218
3000	9037	1.1377	18	2.0117	153	1	6.0247	749444192	42236588
3100	9619	1.1409	19	2.0387	90	1	6.2058	812742822	676187
3200	10031	1.1416	23	2.0216	154	1	6.2694	1005907911	675420
3300	11157	1.1504	19	2.1197	118	1	6.7618	1056824739	773335
3400	11089	1.1454	17	2.0935	120	1	6.5229	1191257099	2788842
3500	10783	1.1379	20	2.0397	114	1	6.1617	1276257479	993739
3600	10793	1.1341	18	2.0081	130	1	5.9961	1367448760	1970583
3700	12794	1.151	23	2.1362	152	1	6.9157	1559669260	1012169
3800	10966	1.1286	16	1.9874	124	1	5.7716	1605708397	960332
3900	12814	1.1439	22	2.0874	180	1	6.5713	1677383539	1588523
4000	12451	1.1369	20	2.0548	134	1	6.2255	1794846311	1493680
4100	12864	1.1375	17	2.0517	135	1	6.2751	1937583762	1798559
4200	13493	1.1399	17	2.0671	148	1	6.4252	2005452515	1069767
4300	13045	1.1326	18	2.0253	130	1	6.0674	2079050625	1130435
4400	13208	1.131	17	2.0189	110	1	6.0036	2131916532	8509369
4500	13847	1.1336	22	2.0396	144	1	6.1542	2198853367	1323961
4600	15085	1.1408	18	2.0991	147	1	6.5587	2275642347	1437619
4700	14795	1.1356	23	2.0555	162	1	6.2957	2398691251	1234878
4800	15209	1.1361	24	2.0602	143	1	6.3371	2492402589	1373494
4900	16279	1.1413	20	2.0976	123	1	6.6445	2655922928	1358520
5000	15249	1.1309	21	2.0218	131	1	6.0996	2818991323	1313977
5100	17186	1.1423	23	2.0992	195	1	6.7396	3039174359	41013229
5200	16295	1.1335	20	2.0537	193	1	6.2673	3221009366	1405365
5300	17958	1.1423	19	2.1123	188	1	6.7766	3393922611	1082822
5400	16274	1.1284	18	2.0046	178	1	6.0274	3527467977	1512495
5500	18106	1.1383	24	2.1055	160	1	6.584	3861667568	1681062
5600	17737	1.1336	23	2.0511	229	1	6.3346	4119027879	1731363
5700	18253	1.1346	19	2.0458	154	1	6.4046	4304516451	1553580
5800	18606	1.1345	21	2.051	167	1	6.4159	4464566384	1627305
5900	18949	1.1344	18	2.0603	238	1	6.4234	4603346159	1596586
6000	18620	1.1302	21	2.0297	150	1	6.2067	4821475288	3408586
6100	20802	1.1407	21	2.1011	198	1	6.8203	5066926092	8190665
6200	18968	1.1281	19	2.034	137	1	6.1187	5228024672	1721380
6300	21031	1.1378	19	2.1222	183	1	6.6765	5421215103	1691430
6400	19805	1.1289	19	2.0248	150	1	6.1891	5539467720	2172555
6500	22182	1.1398	25	2.1015	237	1	6.8252	5810033083	1918362
6600	22141	1.1376	24	2.105	164	1	6.7094	5964239616	2008981
6700	21003	1.1297	24	2.0534	178	1	6.2696	6111045713	2555000
6800	21018	1.1279	17	2.0453	161	1	6.1818	6241870586	1930648
6900	22302	1.1327	17	2.0604	213	1	6.4643	6450655959	2035091
7000	21739	1.128	20	2.0453	148	1	6.2111	6568919712	2171019
7100	23824	1.1365	25	2.0879	162	1	6.711	6774413613	2042003
7200	22547	1.1285	26	2.0422	203	1	6.2631	6917889840	2137614
7300	24187	1.1347	28	2.0966	239	1	6.6266	7112479109	2735086
7400	22971	1.1271	30	2.0496	145	1	6.2084	7252501441	2354562
7500	23332	1.1272	22	2.0396	176	1	6.2219	7423079706	2857959
7600	25530	1.1356	29	2.1063	184	1	6.7184	7727015189	2505082
7700	24928	1.1313	21	2.0748	324	1	6.4748	7956431778	2237065
7800	24663	1.1285	40	2.0571	212	1	6.3238	8130294603	2179852
7900	25731	1.1316	21	2.0742	238	1	6.5142	8372391346	2231688
8000	25612	1.1295	19	2.0724	152	1	6.403	8540894971	2227464
8100	25317	1.1266	24	2.0311	179	1	6.2511	8720539376	2406399
8200	26449	1.1299	22	2.0533	218	1	6.451	8959315081	3194325
8300	26570	1.1289	19	2.0766	166	1	6.4024	9133584157	2396799
8400	25587	1.1233	20	2.0212	128	1	6.0921	9345189475	3067996
8500	26972	1.1276	22	2.0436	234	1	6.3464	9726544815	45178254
8600	27416	1.128	22	2.0506	217	1	6.3758	10046285275	2401024
8700	27156	1.1255	24	2.0484	149	1	6.2428	10281173955	2906341
8800	29651	1.1337	21	2.0835	213	1	6.7389	10596703313	2451709
8900	29859	1.1331	27	2.1163	247	1	6.7099	10808207644	2535417
9000	29861	1.1317	26	2.0822	179	1	6.6358	10980318371	2695920
9100	30468	1.1326	31	2.0908	240	1	6.6963	11198540807	2555767
9200	29550	1.1278	43	2.0645	306	1	6.4239	11387073184	4402324
9300	29628	1.1268	20	2.0769	179	1	6.3716	11665778528	1207231
9400	31485	1.1321	28	2.091	168	1	6.6989	11891945499	2665969
9500	32401	1.134	28	2.0968	242	1	6.8213	12259471819	2819945
9600	31257	1.1287	23	2.0741	223	1	6.5119	12581576825	3109849
9700	33483	1.135	25	2.1324	228	1	6.9037	12909869660	2692080
9800	31265	1.1262	21	2.0772	194	1	6.3806	13083895677	2711279
9900	31517	1.1259	19	2.0818	119	1	6.3671	13276397249	5405279
10000	32123	1.1267	23	2.0715	144	1	6.4246	13453813421	2722414
Done in 13453813421 ns
Start computing the 7th graph now

Nodes	Edges	Alpha	Max_Dep	Average_Dep	Max_Deg	Min_Deg	Avg_Deg	Graph_Time	Analysis_time	Diameter
100	254	1.2024	8	1.95	26	1	5.08	512228	23423
200	475	1.1633	7	1.77	25	1	4.75	1448370	21886
300	795	1.1709	10	1.97	31	1	5.3	3154007	27262
400	1414	1.2108	15	2.1625	63	1	7.07	8319299	41853
500	1668	1.1939	13	2.12	54	1	6.672	13270714	56061
600	1650	1.1581	15	1.9533	55	1	5.5	17626193	64509
700	2062	1.1649	14	2.0257	54	1	5.8914	23324832	86780
800	2153	1.1481	11	1.9488	56	1	5.3825	28821881	89852
900	2579	1.1548	18	1.9889	66	1	5.7311	36181615	114810
1000	3098	1.1637	14	2.057	74	1	6.196	51387585	148600
1100	2999	1.1432	11	1.9391	54	1	5.4527	60457564	183158
1200	3580	1.1542	17	1.9717	88	1	5.9667	71813372	173559
1300	3790	1.1492	16	1.9815	79	1	5.8308	84007024	208884
1400	4462	1.16	16	2.0479	118	1	6.3743	103385699	266866
1500	4960	1.1635	19	2.094	114	1	6.6133	123864859	325615
1600	4860	1.1506	22	2.0475	81	1	6.075	149235533	261874
1700	5517	1.1583	18	2.0759	89	1	6.4906	173771821	327918
1800	5808	1.1563	21	2.1022	108	1	6.4533	207000251	386283
1900	5819	1.1483	14	2.0468	99	1	6.1253	233460275	393195
2000	6239	1.1497	15	2.063	107	1	6.239	261867459	578273
2100	6642	1.1505	18	2.0495	92	1	6.3257	292483293	462696
2200	6381	1.1384	16	2.0005	92	1	5.8009	321065187	465383
2300	8317	1.1661	18	2.1478	147	1	7.2322	370076709	607072
2400	8487	1.1623	22	2.1471	131	1	7.0725	417702449	577889
2500	8216	1.1521	16	2.1052	147	1	6.5728	460640951	649309
2600	8447	1.1498	23	2.1196	155	1	6.4977	501409586	618207
2700	9068	1.1533	20	2.077	133	1	6.717	551032403	690011
2800	9168	1.1494	17	2.0689	139	1	6.5486	593536625	656605
2900	8724	1.1381	22	2.0214	115	1	6.0166	630808359	703834
3000	8753	1.1337	19	2.0147	137	1	5.8353	668101980	719961
3100	9624	1.1409	18	2.0374	89	1	6.209	722619383	679644
3200	9807	1.1388	23	2.0281	123	1	6.1294	762329386	702299
3300	10559	1.1436	23	2.0697	134	1	6.3994	818115457	898512
3400	10778	1.1419	16	2.0494	125	1	6.34	865812617	855123
3500	11911	1.1501	24	2.1209	153	1	6.8063	972245963	1875739
3600	11738	1.1443	19	2.0689	171	1	6.5211	1041260895	4063654
3700	12161	1.1448	17	2.087	162	1	6.5735	1107344528	906575
3800	11225	1.1314	19	1.9789	151	1	5.9079	1154108234	1007946
3900	13010	1.1457	23	2.0964	136	1	6.6718	1338795440	2640243
4000	12734	1.1396	18	2.0733	134	1	6.367	1446367285	883536
4100	14157	1.149	21	2.1639	137	1	6.9059	1548523868	7534060
4200	13593	1.1408	18	2.0805	110	1	6.4729	1616917520	1542446
4300	13670	1.1382	18	2.0374	211	1	6.3581	1684762082	1358903
4400	14420	1.1415	22	2.087	143	1	6.5545	1765118231	2109199
4500	14265	1.1372	28	2.0467	145	1	6.34	1867394998	1205312
4600	14791	1.1385	25	2.048	131	1	6.4309	1948703800	1251005
4700	14777	1.1355	18	2.053	107	1	6.2881	2021332362	1395765
4800	14749	1.1324	23	2.0071	147	1	6.1454	2095888117	3327566
4900	15285	1.1339	21	2.0441	153	1	6.2388	2183829012	1295547
5000	15393	1.132	17	2.0378	149	1	6.1572	2261870148	1346616
5100	16501	1.1375	22	2.099	169	1	6.471	2348219832	1362743
5200	15382	1.1268	20	1.9804	110	1	5.9162	2414151025	1371958
5300	17389	1.1386	18	2.0902	121	1	6.5619	2500784470	3448136
5400	17013	1.1335	17	2.0533	163	1	6.3011	2580417586	1580843
5500	17858	1.1367	24	2.0575	183	1	6.4938	2792038264	1555884
5600	17709	1.1334	23	2.0627	159	1	6.3246	2900775102	1537838
5700	19217	1.1405	24	2.0853	269	1	6.7428	3036231918	1508272
5800	18569	1.1343	19	2.0493	161	1	6.4031	3136419070	1848861
5900	19424	1.1372	26	2.0763	171	1	6.5844	3250778903	3036125
6000	18284	1.1281	21	2.03	131	1	6.0947	3375227029	2085008
6100	19503	1.1333	25	2.0474	148	1	6.3944	3563860393	1698725
6200	19513	1.1313	17	2.0616	138	1	6.2945	3751700838	2931299
6300	20074	1.1325	19	2.0692	142	1	6.3727	3880436862	1659943
6400	20622	1.1335	21	2.0736	132	1	6.4444	4078330274	2482427
6500	20416	1.1304	18	2.0418	150	1	6.2818	4272557450	1991318
6600	20788	1.1305	25	2.0615	149	1	6.2994	4485019043	2118798
6700	21478	1.1322	26	2.0601	182	1	6.4113	4705174432	1899546
6800	23008	1.1381	22	2.1084	246	1	6.7671	4941859753	2433662
6900	22129	1.1318	28	2.0693	214	1	6.4142	5084447068	1844253
7000	22368	1.1312	20	2.072	138	1	6.3909	5256729050	2083472
7100	22856	1.1318	26	2.0604	169	1	6.4383	5589527499	1998997
7200	23134	1.1314	19	2.0651	152	1	6.4261	5906708353	2950499
7300	23855	1.1331	21	2.0716	153	1	6.5356	6134752216	2065809
7400	23173	1.1281	22	2.0255	155	1	6.263	6318798561	2255495
7500	25267	1.1361	25	2.0941	201	1	6.7379	6602828549	2106128
7600	24502	1.131	30	2.0746	209	1	6.4479	6728183250	2137229
7700	27617	1.1427	22	2.1561	291	1	7.1732	6957157879	2139917
7800	25312	1.1314	22	2.0683	223	1	6.4903	7108329439	2221705
7900	23967	1.1237	22	2.0332	144	1	6.0676	7283938603	2457085
8000	26809	1.1346	27	2.0996	224	1	6.7023	7631621632	4653063
8100	24912	1.1248	19	2.0214	118	1	6.1511	7848679843	3718841
8200	26925	1.1319	20	2.0934	190	1	6.5671	8151743308	2349954
8300	25989	1.1265	23	2.053	138	1	6.2624	8284043813	2560759
8400	27853	1.1327	26	2.0921	219	1	6.6317	8552144413	2442878
8500	27694	1.1305	27	2.0784	213	1	6.5162	8800601007	2388353
8600	28318	1.1315	30	2.0727	209	1	6.5856	9061104573	2343427
8700	28089	1.1292	23	2.0803	158	1	6.4572	9215068432	2033171
8800	29141	1.1318	25	2.0799	224	1	6.623	9408975369	8221000
8900	28384	1.1275	35	2.0591	239	1	6.3784	9609116212	3107546
9000	30240	1.1331	19	2.0938	181	1	6.72	9930545414	2515834
9100	29000	1.1271	19	2.0536	182	1	6.3736	10121844363	2919780
9200	32338	1.1377	26	2.1455	198	1	7.03	10646682074	9421704
9300	28293	1.1218	22	2.0374	171	1	6.0845	10934600238	8407999
9400	30339	1.1281	21	2.0628	240	1	6.4551	11384834964	2684017
9500	29230	1.1227	24	2.0369	144	1	6.1537	11718798791	9848689
9600	31023	1.1279	21	2.0893	146	1	6.4631	11977581361	3099483
9700	30110	1.1234	25	2.0358	256	1	6.2082	12318270205	2702064
9800	32508	1.1305	23	2.0942	158	1	6.6343	12838727094	2834152
9900	33074	1.1311	30	2.1054	212	1	6.6816	13210696824	18103096
10000	32255	1.1271	20	2.0837	175	1	6.451	13448344013	3028830
Done in 13448344013 ns
Start computing the 8th graph now

Nodes	Edges	Alpha	Max_Dep	Average_Dep	Max_Deg	Min_Deg	Avg_Deg	Graph_Time	Analysis_time	Diameter
100	251	1.1998	9	1.86	35	1	5.02	508389	18047
200	444	1.1505	11	1.7	23	1	4.44	1401909	26110
300	835	1.1795	12	1.95	40	1	5.5667	4202271	57213
400	1217	1.1857	16	2.0025	65	1	6.085	15780020	73724
500	1653	1.1924	10	2.012	64	1	6.612	22781885	80252
600	1681	1.161	13	1.9617	44	1	5.6033	27029466	94459
700	2268	1.1794	15	2.04	89	1	6.48	35568785	137081
800	2505	1.1708	17	2.0488	70	1	6.2625	44677161	158200
900	3013	1.1776	19	2.1056	100	1	6.6956	104738460	232307
1000	3006	1.1593	15	1.997	60	1	6.012	115083635	251890
1100	3575	1.1683	19	2.0845	115	1	6.5	133096111	945742
1200	3815	1.1631	15	2.0358	64	1	6.3583	150185117	290672
1300	4360	1.1688	20	2.1146	124	1	6.7077	179432064	353261
1400	4549	1.1627	15	2.0757	96	1	6.4986	212440473	364013
1500	4084	1.137	13	1.9167	82	1	5.4453	236011435	403563
1600	4519	1.1407	15	1.9738	67	1	5.6488	254876346	423529
1700	4877	1.1417	14	1.99	81	1	5.7376	274029241	874706
1800	5649	1.1526	19	2.0561	121	1	6.2767	392714603	44775844
1900	5667	1.1448	15	2.0058	74	1	5.9653	412545990	397034
2000	6181	1.1484	18	2.0305	90	1	6.181	503669691	882001
2100	6889	1.1553	17	2.1043	102	1	6.561	550398455	520292
2200	7877	1.1657	26	2.1527	167	1	7.1609	643535360	563682
2300	7427	1.1514	18	2.07	116	1	6.4583	751342584	1378870
2400	8274	1.159	23	2.1392	130	1	6.895	836763038	656605
2500	8547	1.1571	18	2.1108	137	1	6.8376	991937584	651997
2600	7822	1.1401	24	2.0235	107	1	6.0169	1022993458	1021002
2700	8367	1.1432	18	2.0385	147	1	6.1978	1132264028	630494
2800	9293	1.1511	16	2.0904	110	1	6.6379	1248125605	947277
2900	8687	1.1376	18	1.999	121	1	5.991	1287414383	881233
3000	8981	1.137	21	1.9933	104	1	5.9873	1430885619	770263
3100	9625	1.1409	18	2.0065	160	1	6.2097	1475615770	640094
3200	10058	1.1419	22	2.0778	122	1	6.2863	1524530529	818644
3300	10918	1.1477	18	2.0782	206	1	6.617	1595098273	803285
3400	10233	1.1355	19	2.0221	87	1	6.0194	1629562349	2657906
3500	11541	1.1462	22	2.0986	164	1	6.5949	1695366444	896592
3600	11274	1.1394	18	2.0567	131	1	6.2633	1748992631	863186
3700	10849	1.1309	17	2.0038	78	1	5.8643	1786516639	977228
3800	12135	1.1409	32	2.0645	246	1	6.3868	1877350435	3150935
3900	12731	1.1431	23	2.0664	143	1	6.5287	1999856009	1407668
4000	12471	1.1371	20	2.041	208	1	6.2355	2121401249	1092038
4100	12786	1.1367	24	2.0551	141	1	6.2371	2291093290	1109700
4200	13924	1.1437	24	2.0798	213	1	6.6305	2456552341	1493296
4300	14769	1.1475	23	2.1237	237	1	6.8693	2632180704	2329604
4400	15027	1.1464	29	2.1064	149	1	6.8305	2743385378	2143758
4500	14182	1.1365	22	2.0478	110	1	6.3031	2887415688	2102672
4600	14880	1.1392	21	2.0635	147	1	6.4696	2953282372	1194176
4700	14134	1.1302	21	2.0091	161	1	6.0145	3036583643	1281339
4800	14947	1.134	21	2.0513	98	1	6.2279	3148491768	1280955
4900	15902	1.1385	20	2.081	243	1	6.4906	3231263148	1337016
5000	16830	1.1425	29	2.096	205	1	6.732	3351543177	1591594
5100	16068	1.1344	18	2.0337	118	1	6.3012	3422258369	1472561
5200	16269	1.1333	22	2.0417	164	1	6.2573	3527851183	5914052
5300	17651	1.1403	22	2.1123	225	1	6.6608	3792793935	1489073
5400	17663	1.1379	22	2.0993	147	1	6.5419	3907089260	1532846
5500	17487	1.1343	19	2.0764	136	1	6.3589	4068740771	5650258
5600	18593	1.139	22	2.1079	179	1	6.6404	4177136635	9313038
5700	19466	1.142	18	2.1181	140	1	6.8302	4302345808	1538222
5800	19424	1.1395	30	2.0972	172	1	6.6979	4447913956	537955
5900	19433	1.1373	26	2.0966	204	1	6.5875	4674968688	12066170
6000	19266	1.1341	23	2.035	152	1	6.422	4908448932	1766689
6100	19047	1.1306	26	2.0518	126	1	6.2449	5077176801	1964823
6200	19928	1.1337	33	2.0611	164	1	6.4284	5299419118	1589675
6300	20567	1.1352	21	2.0992	152	1	6.5292	5408667417	1735971
6400	20472	1.1327	24	2.0781	147	1	6.3975	5508753582	1838110
6500	20292	1.1297	22	2.0395	124	1	6.2437	5618396227	2604917
6600	21732	1.1355	24	2.0885	158	1	6.5855	5878718939	2279302
6700	22187	1.1359	21	2.0831	148	1	6.623	6080353846	1825439
6800	22960	1.1379	32	2.1125	233	1	6.7529	6304661588	2285446
6900	22888	1.1357	22	2.088	245	1	6.6342	6516241564	2996191
7000	21508	1.1268	18	2.0341	130	1	6.1451	6624485757	1894554
7100	23359	1.1343	29	2.0921	216	1	6.58	6845985458	2423679
7200	23114	1.1313	25	2.0921	176	1	6.4206	6968199592	2007829
7300	24158	1.1345	24	2.0751	190	1	6.6186	7135239486	2100368
7400	23811	1.1312	24	2.0628	153	1	6.4354	7279966334	5247079
7500	24592	1.1331	26	2.0783	195	1	6.5579	7497741818	2096528
7600	23482	1.1262	21	2.0417	115	1	6.1795	7611698089	2035859
7700	26140	1.1366	25	2.1155	202	1	6.7896	8029458521	2221321
7800	25251	1.1311	22	2.0805	189	1	6.4746	8307960740	2427519
7900	27265	1.138	29	2.1325	178	1	6.9025	8527793202	2163341
8000	24857	1.1261	22	2.0434	130	1	6.2143	8759308240	2142606
8100	26171	1.1303	20	2.0643	156	1	6.462	9026586740	2249736
8200	27261	1.1333	22	2.0871	226	1	6.649	9538828389	2531577
8300	25660	1.1251	22	2.0337	146	1	6.1831	9819313094	25098049
8400	27731	1.1322	20	2.1035	183	1	6.6026	10136976226	2602229
8500	28580	1.134	23	2.1045	188	1	6.7247	10489542706	10082149
8600	29140	1.1347	27	2.1193	186	1	6.7767	10745963802	2964706
8700	27853	1.1283	22	2.0754	175	1	6.403	10959258246	2550391
8800	28746	1.1303	24	2.0723	195	1	6.5332	11230429145	2606069
8900	28671	1.1286	21	2.0496	215	1	6.4429	11455893049	2451709
9000	28722	1.1275	31	2.0823	182	1	6.3827	11621687698	2737006
9100	30611	1.1331	20	2.0962	237	1	6.7277	11868035477	2655218
9200	29934	1.1293	19	2.097	147	1	6.5074	12126945528	2643314
9300	30303	1.1293	24	2.0606	199	1	6.5168	12370270622	3356364
9400	31781	1.1332	25	2.1039	269	1	6.7619	12810784141	17261028
9500	29508	1.1237	24	2.0239	171	1	6.2122	13018103096	4105508
9600	29089	1.1209	26	2.0164	181	1	6.0602	13196929240	1365815
9700	30365	1.1243	24	2.0354	187	1	6.2608	13432545945	2664818
9800	31888	1.1284	20	2.0689	194	1	6.5078	13696120962	2933987
9900	30955	1.1239	18	2.0567	155	1	6.2535	14064869873	3222355
10000	32353	1.1275	24	2.072	211	1	6.4706	14501279803	2974689
Done in 14501279803 ns
Start computing the 9th graph now

Nodes	Edges	Alpha	Max_Dep	Average_Dep	Max_Deg	Min_Deg	Avg_Deg	Graph_Time	Analysis_time	Diameter
100	186	1.1348	5	1.57	13	1	3.72	299120	16511
200	576	1.1996	12	2.03	40	1	5.76	1731747	34942
300	1019	1.2144	13	2.1433	64	1	6.7933	5303524	33406
400	966	1.1472	10	1.8275	39	1	4.83	7396596	37630
500	1759	1.2024	13	2.228	77	1	7.036	13326007	606303
600	1869	1.1776	13	2.05	77	1	6.23	20201159	73724
700	2334	1.1838	29	2.0914	101	1	6.6686	28974321	101755
800	2566	1.1744	17	2.0788	98	1	6.415	44382265	95226
900	2611	1.1566	13	2.0167	49	1	5.8022	51318086	108666
1000	3227	1.1696	16	2.093	83	1	6.454	67482469	261490
1100	3228	1.1537	17	2.01	72	1	5.8691	78341408	193142
1200	3521	1.1518	15	2.0192	57	1	5.8683	89110496	208885
1300	3992	1.1565	15	2.0338	82	1	6.1415	111828257	248435
1400	3859	1.14	15	1.9386	88	1	5.5129	123622186	226932
1500	4554	1.1519	16	2.0207	83	1	6.072	141062917	860882
1600	4851	1.1503	17	2.0044	96	1	6.0638	176349477	279921
1700	5905	1.1674	21	2.1571	125	1	6.9471	271614780	446568
1800	5422	1.1471	16	2.0006	98	1	6.0244	329993097	381675
1900	5770	1.1471	19	2.0237	80	1	6.0737	349749608	421226
2000	6178	1.1484	23	2.059	98	1	6.178	370840063	685019
2100	6300	1.1436	16	2.0062	90	1	6.0	406606597	477286
2200	7359	1.1569	18	2.1123	90	1	6.69	492886013	1028681
2300	8041	1.1617	20	2.1491	114	1	6.9922	532934687	542947
2400	7822	1.1518	18	2.0746	114	1	6.5183	568974230	1715621
2500	7654	1.143	15	2.0188	118	1	6.1232	657647757	801366
2600	8324	1.148	17	2.0612	121	1	6.4031	695569184	843219
2700	9265	1.1561	20	2.0893	185	1	6.863	837037967	38527731
2800	8695	1.1428	19	2.0371	119	1	6.2107	959655663	814804
2900	9001	1.1421	19	2.0269	142	1	6.2076	998940601	649693
3000	9963	1.1499	16	2.0913	140	1	6.642	1049408941	1095494
3100	9433	1.1384	21	2.0168	124	1	6.0858	1086590056	593633
3200	9746	1.138	21	2.0216	160	1	6.0913	1160241539	675804
3300	11863	1.1579	20	2.1561	161	1	7.1897	1343875490	4176544
3400	11262	1.1473	24	2.1215	138	1	6.6247	1447940450	948046
3500	11752	1.1484	27	2.1123	126	1	6.7154	1529958462	1154626
3600	12630	1.1533	17	2.1431	121	1	7.0167	1612706418	1189185
3700	12133	1.1445	22	2.0905	170	1	6.5584	1682324965	1158082
3800	11651	1.1359	17	2.0292	126	1	6.1321	1775008006	990667
3900	12794	1.1437	21	2.0697	152	1	6.561	1874016341	1119301
4000	11855	1.131	20	2.0098	110	1	5.9275	1925803266	1085126
4100	13348	1.1419	22	2.079	154	1	6.5112	1997520645	1247549
4200	12719	1.1328	17	2.0245	88	1	6.0567	2062069895	2434814
4300	13418	1.136	17	2.0533	134	1	6.2409	2229361296	1205312
4400	15650	1.1512	21	2.1375	178	1	7.1136	2396217265	2136461
4500	13063	1.1267	20	2.0058	104	1	5.8058	2455838139	2478587
4600	14048	1.1324	20	2.0267	142	1	6.1078	2528688641	1611562
4700	15469	1.1409	23	2.0909	191	1	6.5826	2751533038	1697573
4800	15527	1.1385	24	2.0735	179	1	6.4696	2855886367	2423294
4900	15232	1.1335	20	2.0729	113	1	6.2171	2954731126	2796522
5000	17717	1.1485	20	2.147	178	1	7.0868	3226107455	1350071
5100	16503	1.1376	23	2.0555	195	1	6.4718	3556906140	1769762
5200	16590	1.1356	16	2.0463	149	1	6.3808	3672529265	1542062
5300	16973	1.1357	26	2.0402	185	1	6.4049	3905168978	1539373
5400	16564	1.1304	20	2.0157	149	1	6.1348	4128355501	1691045
5500	17126	1.1319	25	2.066	203	1	6.2276	4219251118	1877659
5600	18461	1.1382	22	2.1064	178	1	6.5932	4378620639	13978388
5700	18022	1.1331	20	2.0561	167	1	6.3235	4497382413	1547437
5800	18844	1.136	25	2.0752	205	1	6.4979	4620626379	1868060
5900	18601	1.1322	22	2.0439	206	1	6.3054	4772734464	38252417
6000	18517	1.1295	21	2.0217	210	1	6.1723	4935532154	2014356
6100	17912	1.1236	21	1.9892	123	1	5.8728	5091769171	2214793
6200	19772	1.1328	21	2.0547	165	1	6.3781	5281839001	1605034
6300	20157	1.1329	21	2.0686	274	1	6.399	5550645739	16952693
6400	19768	1.1287	18	2.0272	182	1	6.1775	5703835878	2399104
6500	21281	1.1351	26	2.0909	243	1	6.548	5870935290	1950615
6600	22548	1.1397	22	2.1105	139	1	6.8327	6189693147	1919514
6700	21647	1.1331	20	2.0669	162	1	6.4618	6455939126	44982810
6800	22050	1.1333	20	2.0725	181	1	6.4853	6638128930	1860380
6900	22993	1.1362	27	2.0872	226	1	6.6646	6794100617	1873051
7000	23168	1.1352	23	2.0764	221	1	6.6194	7001995542	2030100
7100	22708	1.1311	22	2.0666	149	1	6.3966	7322504729	3494597
7200	23843	1.1348	22	2.0847	189	1	6.6231	7720952531	1959447
7300	25057	1.1386	25	2.1368	124	1	6.8649	7909787867	2091920
7400	23620	1.1303	20	2.0641	144	1	6.3838	8147711137	2025876
7500	21897	1.1201	16	1.9767	147	1	5.8392	8272993650	2035091
7600	24158	1.1294	21	2.0539	225	1	6.3574	8401204390	2077713
7700	24347	1.1286	30	2.0603	194	1	6.3239	8533555197	2205962
7800	26198	1.1352	20	2.1087	209	1	6.7174	8695715097	2136461
7900	26387	1.1344	25	2.0792	282	1	6.6803	8925006509	50524400
8000	27782	1.1385	27	2.1315	282	1	6.9455	9130335683	2369537
8100	25958	1.1294	18	2.0615	162	1	6.4094	9410315071	6519971
8200	27043	1.1324	21	2.0872	201	1	6.5959	9684184194	2276230
8300	27121	1.1312	22	2.0993	203	1	6.5352	9958698019	2739693
8400	25444	1.1226	17	2.0243	124	1	6.0581	10079762134	2312324
8500	26298	1.1248	19	2.0398	175	1	6.1878	10333538764	2809193
8600	27389	1.1279	33	2.0523	186	1	6.3695	10598868952	2528121
8700	27525	1.127	20	2.0505	206	1	6.3276	10792992070	3054172
8800	27432	1.1252	22	2.0391	165	1	6.2345	10976397169	3536451
8900	27091	1.1224	21	2.0124	141	1	6.0879	11131367821	8040146
9000	28409	1.1262	20	2.0689	139	1	6.3131	11361205636	1362359
9100	27915	1.123	20	2.0326	173	1	6.1352	11630491581	2460540
9200	30748	1.1322	27	2.1121	191	1	6.6843	11824092487	2663282
9300	31387	1.1331	24	2.1135	196	1	6.7499	12068226625	2653682
9400	30734	1.1295	23	2.0883	200	1	6.5391	12501950235	2777707
9500	33002	1.136	21	2.1361	203	1	6.9478	12829898257	4805887
9600	30518	1.1261	33	2.0524	168	1	6.3579	13201162233	3049181
9700	30381	1.1244	21	2.0399	186	1	6.2641	13448645824	3788342
9800	31313	1.1264	28	2.0898	152	1	6.3904	13905814451	2947427
9900	30617	1.1227	18	2.0385	115	1	6.1853	14346677391	5277029
10000	33869	1.1325	26	2.1059	212	1	6.7738	14724594963	2740845
Done in 14724594963 ns
Start computing the 10th graph now

Nodes	Edges	Alpha	Max_Dep	Average_Dep	Max_Deg	Min_Deg	Avg_Deg	Graph_Time	Analysis_time	Diameter
100	223	1.1742	7	1.69	20	1	4.46	461543	17279
200	487	1.168	12	1.825	33	1	4.87	1823518	20351
300	876	1.1879	8	1.9933	43	1	5.84	4734083	107514
400	1182	1.1808	13	1.9825	53	1	5.91	36000378	49918
500	1570	1.1841	12	2.064	55	1	6.28	41904062	69116
600	1907	1.1808	14	2.1283	57	1	6.3567	47717511	85627
700	2003	1.1605	14	1.9486	56	1	5.7229	53372376	100219
800	2415	1.1653	16	2.0563	105	1	6.0375	103384548	120570
900	2305	1.1383	11	1.9022	51	1	5.1222	109604631	140153
1000	2869	1.1526	14	1.992	66	1	5.738	137213906	194294
1100	3607	1.1696	17	2.0945	77	1	6.5582	151361629	430441
1200	3483	1.1503	19	2.0242	71	1	5.805	185090384	332910
1300	4971	1.1871	16	2.1992	116	1	7.6477	246687600	307568
1400	3792	1.1375	15	1.8871	76	1	5.4171	315737858	296816
1500	5137	1.1683	19	2.1447	112	1	6.8493	355591085	350190
1600	4888	1.1514	16	2.0656	75	1	6.11	381401416	316783
1700	5396	1.1553	18	2.06	142	1	6.3482	413795843	654301
1800	5816	1.1565	16	2.0544	105	1	6.4622	454815600	871250
1900	5918	1.1505	18	2.0432	103	1	6.2295	485995884	569442
2000	6185	1.1485	16	2.0455	103	1	6.185	527674934	1195328
2100	6404	1.1458	17	2.0086	88	1	6.099	608514897	496485
2200	7776	1.1641	18	2.1218	134	1	7.0691	670538331	691163
2300	7739	1.1568	19	2.1074	124	1	6.7296	791362842	608991
2400	7455	1.1456	16	2.0588	94	1	6.2125	828922176	559842
2500	8284	1.1531	19	2.0768	129	1	6.6272	889163177	739160
2600	7885	1.1411	16	2.0077	93	1	6.0654	926450270	666972
2700	9084	1.1536	19	2.1059	175	1	6.7289	981436128	707290
2800	8945	1.1463	25	2.055	194	1	6.3893	1061780757	931151
2900	8591	1.1362	18	2.0069	128	1	5.9248	1111047242	757976
3000	9642	1.1458	24	2.087	110	1	6.428	1165125756	805973
3100	9268	1.1362	21	2.001	76	1	5.9794	1213542494	1735203
3200	10928	1.1522	25	2.115	138	1	6.83	1360042560	1610793
3300	11397	1.153	23	2.0967	194	1	6.9073	1503445447	843987
3400	11050	1.1449	20	2.1021	126	1	6.5	1663678154	1650344
3500	11065	1.141	17	2.066	138	1	6.3229	1750998154	1697189
3600	12261	1.1497	27	2.1219	232	1	6.8117	1857559365	1161538
3700	11933	1.1425	21	2.0749	142	1	6.4503	1975630744	1108165
3800	11989	1.1394	17	2.0453	144	1	6.31	2082841648	1042504
3900	11769	1.1336	20	2.0031	137	1	6.0354	2189764183	1171905
4000	11678	1.1292	18	1.9908	132	1	5.839	2293879445	1101253
4100	13502	1.1433	20	2.0707	170	1	6.5863	2498674887	3289936
4200	13152	1.1368	23	2.0355	156	1	6.2629	2626455570	1140803
4300	14695	1.1469	20	2.1079	136	1	6.8349	2767371422	1312826
4400	14467	1.1419	25	2.0727	223	1	6.5759	2874568887	1497903
4500	15015	1.1432	21	2.1258	124	1	6.6733	2974628173	1442611
4600	15486	1.1439	24	2.1091	207	1	6.733	3180453833	1290555
4700	15486	1.141	22	2.1019	164	1	6.5898	3332728950	1301690
4800	14511	1.1305	20	2.0073	147	1	6.0463	3456061615	1380790
4900	15884	1.1384	20	2.06	207	1	6.4833	3629748194	1355831
5000	15875	1.1356	23	2.0882	170	1	6.35	3710636154	1416117
5100	16860	1.1401	23	2.0865	140	1	6.6118	3872674332	1658407
5200	17756	1.1435	21	2.1269	160	1	6.8292	3997932655	1706404
5300	17328	1.1381	21	2.0757	135	1	6.5389	4206026481	3844786
5400	18062	1.1405	22	2.0933	187	1	6.6896	4432156206	9642492
5500	17657	1.1354	28	2.0678	154	1	6.4207	4547609229	8730541
5600	19100	1.1422	30	2.105	191	1	6.8214	4782607344	1990549
5700	17817	1.1318	25	2.0244	209	1	6.2516	5014684527	3215444
5800	18467	1.1336	21	2.0653	148	1	6.3679	5227601136	7282554
5900	19185	1.1358	20	2.0817	172	1	6.5034	5424753467	1737507
6000	19977	1.1383	22	2.082	198	1	6.659	5548942022	1884955
6100	19795	1.1351	22	2.0715	198	1	6.4902	5667076757	1664551
6200	20896	1.1391	20	2.1106	142	1	6.7406	5797391705	1844253
6300	20033	1.1322	20	2.083	154	1	6.3597	5978325128	1070151
6400	20742	1.1342	21	2.0653	125	1	6.4819	6227559665	1776673
6500	20275	1.1296	24	2.0626	149	1	6.2385	6321351638	1749027
6600	21175	1.1325	30	2.0524	193	1	6.4167	6453152970	1831198
6700	22076	1.1353	24	2.0748	187	1	6.5899	6625024094	1975190
6800	21886	1.1325	26	2.0438	206	1	6.4371	6871787723	2010132
6900	22497	1.1337	24	2.0851	159	1	6.5209	7003966507	1990549
7000	22134	1.13	19	2.0647	136	1	6.324	7222786799	69623155
7100	22219	1.1287	21	2.0293	221	1	6.2589	7367691430	2119951
7200	25391	1.1419	28	2.129	265	1	7.0531	7622064380	1944856
7300	22666	1.1274	34	2.0355	163	1	6.2099	7772826234	2106127
7400	23924	1.1317	21	2.0653	155	1	6.4659	7911396356	13638950
7500	24830	1.1342	21	2.0832	203	1	6.6213	8068890521	2157197
7600	24701	1.1319	28	2.0917	151	1	6.5003	8202269625	2240520
7700	24924	1.1313	22	2.0809	226	1	6.4738	8351374992	4407316
7800	26397	1.136	26	2.12	195	1	6.7685	8516052262	2248968
7900	26280	1.1339	22	2.0958	221	1	6.6532	8679813740	2336515
8000	26955	1.1352	23	2.0884	176	1	6.7388	8853325609	2411007
8100	26177	1.1303	29	2.07	228	1	6.4635	9155014427	3152087
8200	26228	1.129	22	2.0684	245	1	6.3971	9548180207	2261255
8300	25521	1.1245	19	2.0247	146	1	6.1496	9725271148	2662130
8400	29828	1.1402	37	2.1481	246	1	7.1019	10037905685	2371073
8500	27077	1.1281	22	2.0553	146	1	6.3711	10186759544	2610293
8600	26000	1.1221	22	2.0173	147	1	6.0465	10306434805	2642162
8700	29164	1.1333	26	2.093	214	1	6.7044	10596422618	4176544
8800	29584	1.1335	20	2.1043	245	1	6.7236	11078624018	17530582
8900	30827	1.1366	24	2.1296	208	1	6.9274	11600292363	2536952
9000	28338	1.126	25	2.0462	144	1	6.2973	11770336513	2465532
9100	30658	1.1332	32	2.112	209	1	6.738	12155786610	2584565
9200	29706	1.1284	20	2.0732	167	1	6.4578	12466621819	4763649
9300	31416	1.1332	21	2.1287	200	1	6.7561	12764564918	2689392
9400	30398	1.1283	37	2.0619	180	1	6.4677	13114967290	8015187
9500	30945	1.1289	21	2.0891	170	1	6.5147	13413540115	2792683
9600	29835	1.1237	22	2.0385	181	1	6.2156	13749083250	31321973
9700	32434	1.1315	23	2.0891	198	1	6.6874	14026974941	2671729
9800	32640	1.1309	30	2.0853	240	1	6.6612	14253483270	2654066
9900	32843	1.1303	29	2.0904	267	1	6.635	14485485193	2336131
10000	32782	1.1289	24	2.0852	204	1	6.5564	14702504622	2744301
Done in 14702504622 ns
Degrees:	1	Frequency:	22054
Degrees:	2	Frequency:	17216
Degrees:	3	Frequency:	12562
Degrees:	4	Frequency:	9150
Degrees:	5	Frequency:	6845
Degrees:	6	Frequency:	5169
Degrees:	7	Frequency:	4039
Degrees:	8	Frequency:	3214
Degrees:	9	Frequency:	2574
Degrees:	10	Frequency:	2083
Degrees:	11	Frequency:	1736
Degrees:	12	Frequency:	1442
Degrees:	13	Frequency:	1222
Degrees:	14	Frequency:	1093
Degrees:	15	Frequency:	901
Degrees:	17	Frequency:	675
Degrees:	259	Frequency:	1
Degrees:	16	Frequency:	780
Degrees:	19	Frequency:	550
Degrees:	18	Frequency:	630
Degrees:	21	Frequency:	402
Degrees:	20	Frequency:	461
Degrees:	23	Frequency:	339
Degrees:	22	Frequency:	368
Degrees:	25	Frequency:	235
Degrees:	24	Frequency:	304
Degrees:	27	Frequency:	245
Degrees:	26	Frequency:	259
Degrees:	29	Frequency:	187
Degrees:	28	Frequency:	188
Degrees:	31	Frequency:	154
Degrees:	30	Frequency:	167
Degrees:	34	Frequency:	126
Degrees:	35	Frequency:	104
Degrees:	32	Frequency:	136
Degrees:	33	Frequency:	156
Degrees:	38	Frequency:	95
Degrees:	39	Frequency:	99
Degrees:	36	Frequency:	111
Degrees:	37	Frequency:	104
Degrees:	42	Frequency:	92
Degrees:	43	Frequency:	67
Degrees:	40	Frequency:	80
Degrees:	41	Frequency:	85
Degrees:	46	Frequency:	50
Degrees:	47	Frequency:	66
Degrees:	44	Frequency:	70
Degrees:	45	Frequency:	74
Degrees:	51	Frequency:	49
Degrees:	50	Frequency:	55
Degrees:	49	Frequency:	37
Degrees:	48	Frequency:	40
Degrees:	55	Frequency:	43
Degrees:	54	Frequency:	29
Degrees:	53	Frequency:	42
Degrees:	52	Frequency:	38
Degrees:	59	Frequency:	31
Degrees:	58	Frequency:	28
Degrees:	57	Frequency:	31
Degrees:	56	Frequency:	38
Degrees:	63	Frequency:	28
Degrees:	62	Frequency:	22
Degrees:	61	Frequency:	32
Degrees:	60	Frequency:	33
Degrees:	68	Frequency:	17
Degrees:	69	Frequency:	15
Degrees:	70	Frequency:	13
Degrees:	71	Frequency:	27
Degrees:	64	Frequency:	18
Degrees:	65	Frequency:	25
Degrees:	66	Frequency:	30
Degrees:	67	Frequency:	18
Degrees:	76	Frequency:	20
Degrees:	77	Frequency:	11
Degrees:	78	Frequency:	12
Degrees:	79	Frequency:	21
Degrees:	72	Frequency:	21
Degrees:	73	Frequency:	19
Degrees:	74	Frequency:	18
Degrees:	75	Frequency:	18
Degrees:	85	Frequency:	12
Degrees:	84	Frequency:	8
Degrees:	87	Frequency:	5
Degrees:	86	Frequency:	10
Degrees:	81	Frequency:	10
Degrees:	80	Frequency:	11
Degrees:	83	Frequency:	12
Degrees:	82	Frequency:	14
Degrees:	93	Frequency:	5
Degrees:	92	Frequency:	7
Degrees:	95	Frequency:	6
Degrees:	94	Frequency:	6
Degrees:	89	Frequency:	14
Degrees:	88	Frequency:	8
Degrees:	91	Frequency:	12
Degrees:	90	Frequency:	8
Degrees:	102	Frequency:	7
Degrees:	103	Frequency:	3
Degrees:	100	Frequency:	6
Degrees:	101	Frequency:	5
Degrees:	98	Frequency:	6
Degrees:	99	Frequency:	8
Degrees:	96	Frequency:	10
Degrees:	97	Frequency:	4
Degrees:	110	Frequency:	3
Degrees:	111	Frequency:	6
Degrees:	108	Frequency:	2
Degrees:	109	Frequency:	6
Degrees:	106	Frequency:	3
Degrees:	107	Frequency:	6
Degrees:	104	Frequency:	6
Degrees:	105	Frequency:	1
Degrees:	119	Frequency:	4
Degrees:	118	Frequency:	1
Degrees:	117	Frequency:	3
Degrees:	116	Frequency:	5
Degrees:	115	Frequency:	1
Degrees:	114	Frequency:	6
Degrees:	113	Frequency:	5
Degrees:	112	Frequency:	6
Degrees:	127	Frequency:	1
Degrees:	126	Frequency:	6
Degrees:	125	Frequency:	2
Degrees:	124	Frequency:	5
Degrees:	123	Frequency:	4
Degrees:	122	Frequency:	1
Degrees:	121	Frequency:	3
Degrees:	120	Frequency:	5
Degrees:	137	Frequency:	1
Degrees:	136	Frequency:	1
Degrees:	139	Frequency:	4
Degrees:	138	Frequency:	1
Degrees:	141	Frequency:	4
Degrees:	140	Frequency:	1
Degrees:	143	Frequency:	2
Degrees:	142	Frequency:	2
Degrees:	129	Frequency:	4
Degrees:	128	Frequency:	4
Degrees:	130	Frequency:	3
Degrees:	133	Frequency:	4
Degrees:	132	Frequency:	2
Degrees:	135	Frequency:	1
Degrees:	152	Frequency:	1
Degrees:	155	Frequency:	1
Degrees:	156	Frequency:	1
Degrees:	157	Frequency:	1
Degrees:	144	Frequency:	1
Degrees:	145	Frequency:	1
Degrees:	146	Frequency:	2
Degrees:	147	Frequency:	4
Degrees:	150	Frequency:	2
Degrees:	151	Frequency:	4
Degrees:	170	Frequency:	2
Degrees:	175	Frequency:	1
Degrees:	173	Frequency:	2
Degrees:	172	Frequency:	1
Degrees:	163	Frequency:	1
Degrees:	162	Frequency:	1
Degrees:	161	Frequency:	1
Degrees:	165	Frequency:	2
Degrees:	164	Frequency:	1
Degrees:	182	Frequency:	1
Degrees:	181	Frequency:	1
Degrees:	204	Frequency:	1
Degrees:	203	Frequency:	1
Degrees:	202	Frequency:	1
Degrees:	198	Frequency:	1
Degrees:	192	Frequency:	1
Degrees:	212	Frequency:	1
Degrees:	211	Frequency:	1
