Start computing the 1th graph now

Nodes	Edges	Alpha	Max_Dep	Average_Dep	Max_Deg	Min_Deg	Avg_Deg	Graph_Time	Analysis_time	Diameter
100	161	1.1034	5	1.45	12	1	3.22	264178	23038
200	322	1.0899	9	1.47	21	1	3.22	885072	25343
300	506	1.0917	8	1.5333	18	1	3.3733	1733667	30718
400	656	1.0826	6	1.5175	27	1	3.28	2880613	41086
500	929	1.0997	7	1.606	23	1	3.716	4640007	51454
600	965	1.0743	6	1.4633	22	1	3.2167	8302019	70268
700	1218	1.0845	6	1.5257	27	1	3.48	10666180	77564
800	1470	1.091	8	1.5988	22	1	3.675	13827483	87547
900	1671	1.091	7	1.5967	27	1	3.7133	16819450	90236
1000	1716	1.0782	8	1.513	24	1	3.432	21504767	11062448
1100	1869	1.0757	10	1.5127	30	1	3.3982	28040098	280305
1200	2198	1.0854	10	1.5658	35	1	3.6633	38679017	510692
1300	2281	1.0784	7	1.5323	29	1	3.5092	55524196	2569974
1400	2497	1.0799	8	1.56	33	1	3.5671	63937570	958797
1500	2731	1.0819	10	1.5673	37	1	3.6413	70106584	539875
1600	2953	1.0831	11	1.5738	42	1	3.6913	77006311	330222
1700	3208	1.0854	9	1.6047	35	1	3.7741	84134121	247667
1800	3129	1.0738	9	1.53	33	1	3.4767	128026812	454248
1900	3441	1.0787	9	1.5711	25	1	3.6221	135181501	336750
2000	3638	1.0787	8	1.577	31	1	3.638	143085718	440808
2100	3837	1.0788	9	1.5629	40	1	3.6543	150423949	781014
2200	4061	1.0796	8	1.5773	43	1	3.6918	158588120	40773627
2300	4116	1.0752	8	1.5626	31	1	3.5791	166689319	450024
2400	4069	1.0678	11	1.5029	31	1	3.3908	177770198	21368456
2500	4430	1.0731	7	1.552	38	1	3.544	188888707	983372
2600	4635	1.0735	8	1.5508	35	1	3.5654	206440792	599392
2700	4684	1.0697	8	1.5422	41	1	3.4696	216179279	534500
2800	5162	1.0771	14	1.5832	61	1	3.6871	227012876	660828
2900	5243	1.0743	9	1.5762	32	1	3.6159	239787873	749528
3000	5441	1.0744	8	1.57	33	1	3.6273	255048369	1937944
3100	5527	1.0719	9	1.5745	44	1	3.5658	285242977	1265597
3200	5779	1.0732	9	1.5825	39	1	3.6119	300519599	735705
3300	5946	1.0727	11	1.5645	40	1	3.6036	313619826	705370
3400	6050	1.0709	8	1.5509	33	1	3.5588	374212552	955341
3500	6157	1.0692	11	1.5554	31	1	3.5183	390632666	784854
3600	6426	1.0708	9	1.5572	32	1	3.57	441650096	1065159
3700	6636	1.0711	8	1.5697	53	1	3.587	467850934	1941400
3800	6808	1.0707	10	1.5682	28	1	3.5832	500488035	991435
3900	7120	1.0728	10	1.581	35	1	3.6513	529361370	858962
4000	7236	1.0715	9	1.58	39	1	3.618	546402378	1001034
4100	7415	1.0712	8	1.582	33	1	3.6171	577309653	1024841
4200	7336	1.0668	8	1.5393	40	1	3.4933	592737179	1039432
4300	7891	1.0726	10	1.5947	35	1	3.6702	613314254	2146061
4400	7875	1.0694	9	1.5525	41	1	3.5795	630066126	958797
4500	8217	1.0716	8	1.5787	45	1	3.652	648470645	1529774
4600	8455	1.0722	10	1.5865	40	1	3.6761	667819370	1100869
4700	8074	1.064	8	1.5217	36	1	3.4357	707532445	1076679
4800	8609	1.0689	9	1.5571	32	1	3.5871	774659733	1290171
4900	8930	1.0706	10	1.5798	47	1	3.6449	795480635	43799001
5000	8718	1.0653	9	1.5358	35	1	3.4872	817013435	1567788
5100	8921	1.0655	8	1.5351	32	1	3.4984	876125152	1657639
5200	9732	1.0733	9	1.6113	46	1	3.7431	945664983	1292859
5300	9629	1.0696	10	1.5874	48	1	3.6336	999841413	5880645
5400	9762	1.0689	9	1.5691	41	1	3.6156	1100256264	1795104
5500	9840	1.0675	10	1.5624	43	1	3.5782	1132972081	1472945
5600	9998	1.0672	9	1.5468	39	1	3.5707	1163140579	2012052
5700	10251	1.0679	10	1.5618	34	1	3.5968	1239650405	1499056
5800	10508	1.0686	10	1.5738	39	1	3.6234	1298195753	1470641
5900	10609	1.0676	11	1.5649	51	1	3.5963	1328887615	1554732
6000	10918	1.0688	10	1.5785	59	1	3.6393	1357205332	1510960
6100	11063	1.0683	9	1.5687	42	1	3.6272	1380645742	2061970
6200	11459	1.0703	11	1.5913	47	1	3.6965	1414035443	1431476
6300	11382	1.0676	8	1.5775	35	1	3.6133	1445519838	2067729
6400	11342	1.0653	10	1.5427	37	1	3.5444	1475082416	3148631
6500	11764	1.0676	9	1.5671	34	1	3.6197	1511613453	1803551
6600	12016	1.0681	9	1.5735	58	1	3.6412	1537928717	1723300
6700	12113	1.0672	10	1.5624	60	1	3.6158	1571327250	1737123
6800	12383	1.0679	10	1.5778	55	1	3.6421	1604955018	1917210
6900	12383	1.0662	9	1.5612	42	1	3.5893	1640704658	2059281
7000	12439	1.0649	9	1.5536	46	1	3.554	1679513462	3006559
7100	13040	1.0686	9	1.5793	40	1	3.6732	1711122267	1873052
7200	12986	1.0664	10	1.5639	45	1	3.6072	1750934793	8615731
7300	12922	1.0642	10	1.5488	48	1	3.5403	1819119560	2307333
7400	13452	1.0671	14	1.5793	45	1	3.6357	1855184063	1919513
7500	13631	1.067	10	1.5752	40	1	3.6349	1899813227	2192139
7600	13607	1.0652	11	1.5603	37	1	3.5808	1981314786	2512762
7700	13698	1.0644	11	1.5496	41	1	3.5579	2093293178	4496016
7800	13644	1.0624	8	1.5394	36	1	3.4985	2151972150	2592630
7900	14107	1.0646	8	1.5619	39	1	3.5714	2225598675	4712964
8000	14594	1.0669	10	1.5718	54	1	3.6485	2313200900	2175628
8100	14377	1.0638	10	1.5454	50	1	3.5499	2354694488	2147598
8200	14724	1.065	12	1.5623	52	1	3.5912	2450981561	2349954
8300	15016	1.0657	11	1.5666	38	1	3.6183	2550881112	5296613
8400	15064	1.0646	9	1.5685	40	1	3.5867	2634996803	12463205
8500	15173	1.064	11	1.5608	38	1	3.5701	2692591033	2224777
8600	15400	1.0643	10	1.5642	39	1	3.5814	2754817976	2237448
8700	15744	1.0654	9	1.5762	47	1	3.6193	2816545745	2375681
8800	15986	1.0657	12	1.5724	53	1	3.6332	2866767570	2508922
8900	15753	1.0628	10	1.5534	56	1	3.54	2953869853	2690160
9000	16278	1.0651	12	1.5707	57	1	3.6173	3047260568	2971617
9100	16159	1.063	10	1.553	38	1	3.5514	3136085383	43721053
9200	16741	1.0656	9	1.5752	42	1	3.6393	3227505516	5596116
9300	16705	1.0641	12	1.5634	48	1	3.5925	3315181849	2953570
9400	16752	1.0632	10	1.5533	60	1	3.5643	3358581895	2600309
9500	16938	1.0631	9	1.5558	46	1	3.5659	3445283304	2630259
9600	17279	1.0641	10	1.557	38	1	3.5998	3498929841	2835305
9700	17373	1.0635	11	1.567	47	1	3.5821	3537667224	21592701
9800	17520	1.0632	9	1.559	44	1	3.5755	3638593920	4594699
9900	17663	1.0629	10	1.5585	47	1	3.5683	3709386293	2727790
10000	18001	1.0638	11	1.5622	57	1	3.6002	3790690487	3118297
Done in 3790690487 ns
Start computing the 2th graph now

Nodes	Edges	Alpha	Max_Dep	Average_Dep	Max_Deg	Min_Deg	Avg_Deg	Graph_Time	Analysis_time	Diameter
100	152	1.0909	5	1.35	14	1	3.04	240371	23423
200	366	1.1141	5	1.55	20	1	3.66	851282	19967
300	531	1.1001	5	1.5467	22	1	3.54	1711396	26110
400	792	1.114	7	1.6425	33	1	3.96	3201620	47230
500	922	1.0985	8	1.6	29	1	3.688	5015155	111354
600	1003	1.0803	7	1.48	30	1	3.3433	7042183	126714
700	1283	1.0925	7	1.6086	30	1	3.6657	10474576	95610
800	1371	1.0806	9	1.49	32	1	3.4275	12941644	77948
900	1545	1.0794	7	1.5056	32	1	3.4333	15720119	100987
1000	1757	1.0816	6	1.552	20	1	3.514	18718998	113274
1100	1903	1.0783	7	1.5073	29	1	3.46	23096363	175479
1200	2204	1.0857	7	1.5825	42	1	3.6733	27626553	161271
1300	2278	1.0782	7	1.5492	32	1	3.5046	50883421	244979
1400	2481	1.079	8	1.5557	30	1	3.5443	55847124	213108
1500	2696	1.0802	8	1.55	36	1	3.5947	60907590	217333
1600	2773	1.0745	12	1.5263	42	1	3.4663	67041662	330990
1700	3104	1.0809	11	1.5776	39	1	3.6518	94608699	359405
1800	3290	1.0805	10	1.5744	33	1	3.6556	101593669	276081
1900	3438	1.0786	9	1.5658	35	1	3.6189	114480019	347118
2000	3618	1.078	9	1.5625	31	1	3.618	122803541	648926
2100	3851	1.0793	9	1.5857	42	1	3.6676	130345282	344813
2200	3991	1.0774	9	1.5818	42	1	3.6282	138362005	418922
2300	4167	1.0768	9	1.5783	31	1	3.6235	146525024	413162
2400	4242	1.0732	7	1.5517	32	1	3.535	154676524	719961
2500	4443	1.0735	9	1.5472	42	1	3.5544	168305491	582881
2600	4689	1.075	11	1.5708	34	1	3.6069	211970099	1757473
2700	4930	1.0762	9	1.58	32	1	3.6519	232776410	572513
2800	5067	1.0747	11	1.5689	48	1	3.6193	242929211	563298
2900	5089	1.0705	10	1.5372	41	1	3.5097	303263519	1446834
3000	5350	1.0723	9	1.556	36	1	3.5667	318761698	648541
3100	5608	1.0737	9	1.5594	38	1	3.6181	331740971	599392
3200	5771	1.0731	11	1.5709	32	1	3.6069	367934491	613599
3300	5894	1.0716	9	1.5636	42	1	3.5721	379998742	644317
3400	6238	1.0746	10	1.5862	41	1	3.6694	393991338	10621639
3500	6303	1.0721	9	1.5711	44	1	3.6017	407417948	807125
3600	6318	1.0687	10	1.5422	40	1	3.51	420340393	799445
3700	6670	1.0717	10	1.5665	40	1	3.6054	435254155	867026
3800	6848	1.0715	10	1.5708	40	1	3.6042	449805057	1308218
3900	6961	1.0701	10	1.5549	45	1	3.5697	470892440	1138883
4000	7258	1.0718	8	1.578	37	1	3.629	520444221	1213375
4100	7411	1.0712	10	1.5759	40	1	3.6151	567330416	1196096
4200	7564	1.0705	9	1.5648	37	1	3.6019	639593430	1253309
4300	7729	1.0701	8	1.5705	32	1	3.5949	672952797	727257
4400	8012	1.0714	12	1.5809	36	1	3.6418	697467197	1067079
4500	8023	1.0687	11	1.5587	53	1	3.5658	713846993	31800794
4600	8259	1.0694	9	1.5583	34	1	3.5909	770874470	1151170
4700	8542	1.0707	9	1.5789	48	1	3.6349	798075190	11919107
4800	8622	1.0691	10	1.5621	50	1	3.5925	815523217	1165378
4900	8588	1.066	8	1.5457	41	1	3.5053	872340657	1572396
5000	9047	1.0696	12	1.5674	46	1	3.6188	976944340	1222975
5100	9177	1.0688	11	1.5637	43	1	3.5988	1047974780	2621043
5200	9352	1.0686	9	1.5727	38	1	3.5969	1149741239	1302459
5300	9768	1.0713	10	1.5858	35	1	3.686	1170911178	2626420
5400	9693	1.0681	10	1.5631	44	1	3.59	1217229852	1289403
5500	9792	1.067	9	1.5505	45	1	3.5607	1253276307	37530536
5600	10088	1.0682	14	1.5634	43	1	3.6029	1351461390	5033587
5700	9938	1.0643	8	1.534	39	1	3.487	1377093554	1418420
5800	10481	1.0683	10	1.5772	37	1	3.6141	1456758923	1712549
5900	10492	1.0663	10	1.5581	36	1	3.5566	1480649356	1512112
6000	10713	1.0666	9	1.5608	43	1	3.571	1528243610	23816710
6100	10861	1.0662	10	1.5593	43	1	3.561	1557238283	2309636
6200	11191	1.0676	8	1.5581	41	1	3.61	1653783389	3552962
6300	11639	1.0702	9	1.586	39	1	3.6949	1691080465	1576236
6400	11769	1.0695	10	1.5891	50	1	3.6778	1717872631	1573164
6500	11765	1.0676	9	1.5749	34	1	3.62	1759909166	4026793
6600	11844	1.0665	8	1.5665	35	1	3.5891	1787231224	1688358
6700	12016	1.0663	10	1.5537	48	1	3.5869	1849984218	1749411
6800	12350	1.0676	9	1.5775	46	1	3.6324	1914462816	1757474
6900	12604	1.0682	12	1.582	61	1	3.6533	1952547434	1856925
7000	12532	1.0658	9	1.5621	42	1	3.5806	1980258847	4522510
7100	12659	1.0652	10	1.5579	37	1	3.5659	2050444916	1877659
7200	12938	1.066	9	1.5632	43	1	3.5939	2120172129	1888795
7300	13459	1.0688	11	1.5923	47	1	3.6874	2181285148	2100751
7400	13337	1.0661	10	1.5659	38	1	3.6046	2259522114	1945240
7500	13629	1.0669	10	1.5655	49	1	3.6344	2338977831	2010132
7600	14026	1.0686	14	1.5843	47	1	3.6911	2387296654	2041234
7700	13623	1.0638	10	1.5468	43	1	3.5384	2418914290	2538872
7800	13936	1.0648	12	1.5556	39	1	3.5733	2502735853	2102288
7900	14141	1.0649	9	1.5568	51	1	3.58	2582365896	2184459
8000	14522	1.0663	11	1.5758	49	1	3.6305	2692291919	582496
8100	14407	1.064	10	1.5521	38	1	3.5573	2726143548	5816521
8200	14822	1.0657	16	1.5684	58	1	3.6151	2846634381	5613780
8300	14720	1.0635	8	1.5451	39	1	3.547	3023097515	2715119
8400	15326	1.0665	10	1.5758	48	1	3.649	3105835104	2504314
8500	15237	1.0645	8	1.5686	40	1	3.5852	3152998532	2462844
8600	15234	1.0631	9	1.5508	48	1	3.5428	3217939826	3056092
8700	15807	1.0658	15	1.5755	59	1	3.6338	3301130127	3791797
8800	15615	1.0631	12	1.5499	44	1	3.5489	3366172407	3054940
8900	15767	1.0629	11	1.5511	48	1	3.5431	3452233722	53202658
9000	16162	1.0643	12	1.5579	70	1	3.5916	3579269101	2563063
9100	16450	1.0649	12	1.5725	41	1	3.6154	3631907693	2464764
9200	16710	1.0654	11	1.5742	39	1	3.6326	3718772294	2824552
9300	16705	1.0641	10	1.5616	51	1	3.5925	3835642201	3999914
9400	16948	1.0644	11	1.5699	75	1	3.606	3944657808	3223508
9500	16978	1.0634	10	1.5645	51	1	3.5743	4004606601	3720377
9600	17430	1.065	10	1.5692	58	1	3.6313	4074577257	5288933
9700	17206	1.0624	10	1.5474	42	1	3.5476	4209703851	5183339
9800	17678	1.0642	9	1.5651	45	1	3.6078	4286172975	3227347
9900	17678	1.063	9	1.5581	39	1	3.5713	4350651957	3317199
10000	17855	1.0629	10	1.5642	64	1	3.571	4393629241	3001568
Done in 4393629241 ns
Start computing the 3th graph now

Nodes	Edges	Alpha	Max_Dep	Average_Dep	Max_Deg	Min_Deg	Avg_Deg	Graph_Time	Analysis_time	Diameter
100	151	1.0895	4	1.42	15	1	3.02	302192	20351
200	379	1.1206	7	1.61	17	1	3.79	936526	19199
300	519	1.0961	7	1.51	23	1	3.46	1846174	42238
400	707	1.0951	8	1.5525	22	1	3.535	3353294	59517
500	914	1.0971	7	1.562	25	1	3.656	5074673	66813
600	1086	1.0928	6	1.5383	24	1	3.62	7373174	94075
700	1208	1.0833	6	1.5514	24	1	3.4514	10046055	122105
800	1362	1.0796	6	1.5163	28	1	3.405	12514659	107898
900	1611	1.0856	8	1.5756	31	1	3.58	16216605	130937
1000	1787	1.084	9	1.57	33	1	3.574	19898584	150904
1100	2057	1.0894	10	1.6	33	1	3.74	23937664	162423
1200	2098	1.0788	9	1.5442	37	1	3.4967	28317333	208501
1300	2300	1.0796	11	1.5469	40	1	3.5385	32893984	242675
1400	2453	1.0774	8	1.5343	29	1	3.5043	38263168	398571
1500	2621	1.0763	8	1.5527	32	1	3.4947	43787096	278001
1600	2837	1.0776	8	1.5469	43	1	3.5463	49853204	264562
1700	3103	1.0809	9	1.5882	29	1	3.6506	56412341	329838
1800	3247	1.0787	9	1.5661	27	1	3.6078	62757985	348270
1900	3375	1.0761	8	1.5568	33	1	3.5526	69816679	605536
2000	3534	1.0749	7	1.559	28	1	3.534	155427202	601312
2100	3721	1.0748	8	1.5495	44	1	3.5438	162904050	388971
2200	4066	1.0798	12	1.5927	44	1	3.6964	213905353	446184
2300	4163	1.0767	9	1.5717	26	1	3.62	224644875	522596
2400	4188	1.0715	10	1.5333	34	1	3.49	278173531	837460
2500	4445	1.0736	8	1.56	34	1	3.556	290491592	1141955
2600	4748	1.0766	11	1.5808	45	1	3.6523	303451667	608607
2700	4679	1.0696	9	1.5219	37	1	3.4659	318164992	1229502
2800	5077	1.075	10	1.575	36	1	3.6264	369390923	757976
2900	5259	1.0747	8	1.5624	34	1	3.6269	394886391	926926
3000	5341	1.072	9	1.549	34	1	3.5607	416218370	1924121
3100	5600	1.0736	10	1.5706	32	1	3.6129	444622482	642782
3200	5583	1.069	9	1.5472	28	1	3.4894	460461635	402411
3300	5941	1.0726	11	1.5609	38	1	3.6006	476168698	721114
3400	6280	1.0755	9	1.6071	33	1	3.6941	493999552	1912217
3500	6159	1.0693	9	1.5377	43	1	3.5194	515991975	2075409
3600	6548	1.0731	10	1.5767	39	1	3.6378	540491401	15055834
3700	6839	1.0748	10	1.58	38	1	3.6968	557325444	1014858
3800	6817	1.0709	11	1.5616	42	1	3.5879	573388457	1014858
3900	6969	1.0702	9	1.5692	43	1	3.5738	597572636	1397686
4000	7049	1.0683	9	1.5365	48	1	3.5245	623765027	1311290
4100	7439	1.0716	9	1.5727	32	1	3.6288	673662006	1278651
4200	7516	1.0698	9	1.5538	38	1	3.579	782915681	1177665
4300	7734	1.0702	10	1.5688	30	1	3.5972	800274240	1214143
4400	7844	1.0689	10	1.5536	39	1	3.5655	836487343	1504815
4500	8128	1.0703	9	1.5749	41	1	3.6124	853728020	1174210
4600	8286	1.0698	9	1.5722	39	1	3.6026	871311208	1163841
4700	8402	1.0687	9	1.5562	42	1	3.5753	925611279	1847325
4800	8792	1.0714	10	1.5808	37	1	3.6633	953118031	1378486
4900	8718	1.0678	10	1.5535	38	1	3.5584	973969651	2289286
5000	8963	1.0685	7	1.5548	51	1	3.5852	996069973	1705636
5100	9345	1.0709	8	1.5822	30	1	3.6647	1018276273	1349304
5200	9335	1.0684	10	1.5648	46	1	3.5904	1043674210	2472060
5300	9343	1.0661	8	1.5421	44	1	3.5257	1082842035	2032403
5400	9700	1.0682	8	1.5587	36	1	3.5926	1121779856	1528623
5500	10065	1.0702	10	1.5902	47	1	3.66	1144651208	1550893
5600	9878	1.0658	9	1.5423	33	1	3.5279	1165133056	1444914
5700	10272	1.0681	12	1.573	38	1	3.6042	1204090460	1401141
5800	10489	1.0684	11	1.5755	40	1	3.6169	1226411186	1449523
5900	10445	1.0658	11	1.5446	44	1	3.5407	1324880030	2515833
6000	11053	1.0702	12	1.5858	45	1	3.6843	1349083791	1529774
6100	11193	1.0696	9	1.5813	39	1	3.6698	1391915931	1681446
6200	10848	1.0641	11	1.5415	41	1	3.4994	1421845978	1518638
6300	11389	1.0677	10	1.5687	35	1	3.6156	1491314006	5468635
6400	11623	1.0681	11	1.5684	37	1	3.6322	1521400332	2017812
6500	11586	1.0658	10	1.5591	39	1	3.5649	1563763633	1675302
6600	11935	1.0674	8	1.5636	52	1	3.6167	1599319746	2545016
6700	12280	1.0688	10	1.5763	47	1	3.6657	1662976629	1916826
6800	12333	1.0675	9	1.5893	42	1	3.6274	1713019519	2111503
6900	12618	1.0683	10	1.5841	44	1	3.6574	1808167325	2003220
7000	12298	1.0636	9	1.5374	45	1	3.5137	1987244208	1903003
7100	12948	1.0678	13	1.5775	47	1	3.6473	2061168701	1921817
7200	13243	1.0686	10	1.5778	36	1	3.6786	2119641092	2190603
7300	13430	1.0685	13	1.5896	50	1	3.6795	2151840458	2253959
7400	13278	1.0656	13	1.5565	43	1	3.5886	2259465675	3463495
7500	13654	1.0671	10	1.5872	40	1	3.6411	2381012068	1126595
7600	13647	1.0655	10	1.5697	54	1	3.5913	2432312491	45863658
7700	13767	1.0649	10	1.5658	51	1	3.5758	2512582628	2301573
7800	13972	1.065	11	1.5564	61	1	3.5826	2605802088	2588021
7900	13986	1.0636	16	1.5514	42	1	3.5408	2729807869	2599541
8000	14611	1.067	10	1.5766	43	1	3.6528	2832904049	20495288
8100	14604	1.0655	9	1.5717	43	1	3.6059	2865600284	2929763
8200	14685	1.0647	9	1.5624	45	1	3.5817	2907810762	13475375
8300	15161	1.0668	10	1.573	44	1	3.6533	3018819223	2552695
8400	15092	1.0648	9	1.5624	39	1	3.5933	3067081601	2490107
8500	15497	1.0664	10	1.5771	54	1	3.6464	3169693583	37838488
8600	15465	1.0648	10	1.5677	36	1	3.5965	3252729141	2217865
8700	15637	1.0646	10	1.561	44	1	3.5947	3292735576	4701061
8800	15998	1.0658	12	1.5706	45	1	3.6359	3337022231	7781728
8900	16057	1.0649	10	1.5725	63	1	3.6083	3381666370	2521593
9000	16260	1.065	11	1.5704	46	1	3.6133	3461221154	2498170
9100	16218	1.0634	11	1.5589	60	1	3.5644	3575571388	2819945
9200	16705	1.0654	11	1.5742	44	1	3.6315	3694196465	22384466
9300	16864	1.0651	9	1.5671	44	1	3.6267	3789229461	2595318
9400	16820	1.0636	10	1.5515	45	1	3.5787	3878465135	3106394
9500	17582	1.0672	11	1.5869	45	1	3.7015	3969592292	2760428
9600	17685	1.0666	11	1.5838	46	1	3.6844	4066374698	2655217
9700	17498	1.0643	10	1.566	48	1	3.6078	4168808513	3063005
9800	17717	1.0644	10	1.5772	54	1	3.6157	4224598040	2793451
9900	17443	1.0616	10	1.5523	43	1	3.5238	4311826653	2867175
10000	18114	1.0645	10	1.566	38	1	3.6228	4375770367	2687857
Done in 4375770367 ns
Start computing the 4th graph now

Nodes	Edges	Alpha	Max_Dep	Average_Dep	Max_Deg	Min_Deg	Avg_Deg	Graph_Time	Analysis_time	Diameter
100	189	1.1382	4	1.61	21	1	3.78	359021	25343
200	328	1.0934	5	1.47	17	1	3.28	894288	45694
300	546	1.105	9	1.5833	26	1	3.64	1951767	120570
400	737	1.102	7	1.595	21	1	3.685	3392458	105978
500	898	1.0942	8	1.56	27	1	3.592	5012467	49149
600	1031	1.0846	6	1.5267	19	1	3.4367	6743831	51837
700	1239	1.0872	7	1.5671	23	1	3.54	9546881	164343
800	1395	1.0832	7	1.5375	23	1	3.4875	11961344	77180
900	1671	1.091	10	1.5889	31	1	3.7133	14989022	91387
1000	1735	1.0798	8	1.542	27	1	3.47	18452517	129785
1100	2059	1.0895	7	1.6145	36	1	3.7436	25878296	165495
1200	2179	1.0841	7	1.575	32	1	3.6317	30173490	137849
1300	2288	1.0788	9	1.5354	36	1	3.52	34399568	151672
1400	2678	1.0895	11	1.6207	39	1	3.8257	39877419	215797
1500	2713	1.081	8	1.5613	27	1	3.6173	64481671	493029
1600	2902	1.0807	7	1.5738	31	1	3.6275	70901039	231924
1700	3108	1.0811	7	1.5688	34	1	3.6565	77395284	249970
1800	3186	1.0762	10	1.5517	40	1	3.54	83286681	244595
1900	3418	1.0778	11	1.5679	26	1	3.5979	89884984	324463
2000	3817	1.085	9	1.605	37	1	3.817	141188863	474598
2100	3800	1.0775	8	1.5695	35	1	3.619	149731254	414698
2200	3858	1.073	10	1.5491	30	1	3.5073	157485335	425449
2300	4224	1.0785	9	1.5813	49	1	3.673	166064204	397419
2400	4318	1.0755	9	1.5721	33	1	3.5983	218746569	587872
2500	4661	1.0796	8	1.574	39	1	3.7288	228570683	476135
2600	4735	1.0762	8	1.5846	31	1	3.6423	238259252	708826
2700	4634	1.0684	8	1.5156	35	1	3.4326	297200098	773719
2800	4821	1.0685	8	1.5193	38	1	3.4436	306715109	528739
2900	5316	1.076	8	1.5928	36	1	3.6662	317428904	622814
3000	5395	1.0733	10	1.571	37	1	3.5967	364202594	871250
3100	5570	1.0729	11	1.5632	39	1	3.5935	376408917	555234
3200	5516	1.0675	7	1.5216	40	1	3.4475	388585674	663516
3300	6227	1.0784	11	1.6124	39	1	3.7739	403337397	681947
3400	6103	1.0719	9	1.5579	64	1	3.59	416947165	999498
3500	6286	1.0718	10	1.576	47	1	3.592	431773764	1164993
3600	6532	1.0728	9	1.5747	38	1	3.6289	480966140	6442407
3700	6697	1.0722	9	1.5816	31	1	3.62	497433099	1985174
3800	6838	1.0713	8	1.5661	33	1	3.5989	512561890	1340088
3900	7034	1.0713	8	1.5638	35	1	3.6072	552770682	14189193
4000	7145	1.0699	8	1.5603	37	1	3.5725	572809802	945741
4100	7443	1.0717	10	1.5873	46	1	3.6307	587889443	45776495
4200	7405	1.068	8	1.5433	38	1	3.5262	680934961	1754402
4300	7855	1.072	10	1.5647	46	1	3.6535	709147468	1281723
4400	7974	1.0709	9	1.5764	35	1	3.6245	731034681	1099333
4500	8387	1.074	12	1.5933	37	1	3.7276	837503352	1537454
4600	8320	1.0703	8	1.5724	38	1	3.6174	863420046	1273660
4700	8515	1.0703	11	1.5638	58	1	3.6234	921723487	1204927
4800	8766	1.0711	11	1.5723	39	1	3.6525	940190595	1254077
4900	8947	1.0709	9	1.5808	41	1	3.6518	960852530	1253693
5000	8906	1.0678	8	1.5476	56	1	3.5624	1059695754	1342392
5100	8975	1.0662	9	1.5435	43	1	3.5196	1078458142	1150787
5200	9157	1.0661	9	1.549	44	1	3.5219	1185594554	1311290
5300	9412	1.067	10	1.554	43	1	3.5517	1246565500	1891867
5400	9722	1.0684	9	1.5698	49	1	3.6007	1267938181	1364279
5500	9767	1.0667	8	1.5475	38	1	3.5516	1356061466	1355064
5600	9940	1.0665	11	1.5521	50	1	3.55	1411188245	1720612
5700	10352	1.069	9	1.5833	64	1	3.6323	1463526949	1503280
5800	10568	1.0692	13	1.5717	33	1	3.6441	1487237297	1560108
5900	10808	1.0697	10	1.5846	41	1	3.6637	1538924003	1524399
6000	10694	1.0664	9	1.5617	39	1	3.5647	1603270512	25604902
6100	10881	1.0664	11	1.5641	43	1	3.5675	1629998937	8694447
6200	11080	1.0665	10	1.5615	49	1	3.5742	1705144485	1832350
6300	11474	1.0685	11	1.5735	56	1	3.6425	1778352472	1563949
6400	11776	1.0696	10	1.5806	46	1	3.68	1814870454	1596587
6500	11771	1.0676	10	1.5735	46	1	3.6218	1846324899	1632296
6600	12212	1.07	9	1.5991	46	1	3.7006	1881628738	1718308
6700	12218	1.0682	9	1.5796	49	1	3.6472	1924255833	1804320
6800	11831	1.0628	9	1.541	37	1	3.4797	1995738984	6386730
6900	12503	1.0673	10	1.5764	35	1	3.6241	2073790488	1467569
7000	12657	1.0669	9	1.5614	42	1	3.6163	2154647729	2163341
7100	12629	1.0649	11	1.5477	48	1	3.5575	2183414702	1876123
7200	12768	1.0645	10	1.5533	44	1	3.5467	2265060254	3911983
7300	13521	1.0693	10	1.5966	53	1	3.7044	2316213997	4102053
7400	13392	1.0666	9	1.5689	36	1	3.6195	2382184739	11017138
7500	13355	1.0647	11	1.5676	51	1	3.5613	2452889180	3053404
7600	13855	1.0672	10	1.5724	48	1	3.6461	2503420108	2094224
7700	13931	1.0663	10	1.5716	50	1	3.6184	2642383041	6126008
7800	14256	1.0673	11	1.579	47	1	3.6554	2773893317	2342275
7900	14291	1.066	11	1.577	48	1	3.618	2847196915	17881539
8000	14138	1.0634	9	1.5508	54	1	3.5345	2886031445	3530691
8100	14888	1.0676	10	1.592	48	1	3.676	2993116403	4612361
8200	14781	1.0654	9	1.5724	47	1	3.6051	3083898746	2169100
8300	15072	1.0661	10	1.5694	45	1	3.6318	3131046816	2197514
8400	14955	1.0638	10	1.5588	50	1	3.5607	3244808409	2686320
8500	15141	1.0638	12	1.5588	54	1	3.5626	3303069612	2332291
8600	15714	1.0665	11	1.5731	38	1	3.6544	3346641296	2263559
8700	15549	1.064	11	1.5577	70	1	3.5745	3385726948	2360706
8800	15785	1.0643	11	1.5639	37	1	3.5875	3430104222	2330371
8900	16005	1.0645	9	1.5673	37	1	3.5966	3471837797	2411774
9000	16227	1.0647	11	1.567	36	1	3.606	3511626132	6154423
9100	16352	1.0643	12	1.5607	41	1	3.5938	3631842420	7087109
9200	16635	1.0649	11	1.5693	49	1	3.6163	3738830232	45237387
9300	16651	1.0637	8	1.5618	38	1	3.5809	3879836320	3904687
9400	16960	1.0645	11	1.5622	47	1	3.6085	3959557751	37582757
9500	17318	1.0656	10	1.5709	45	1	3.6459	4004323228	4473360
9600	17338	1.0645	9	1.5668	52	1	3.6121	4074372216	2660594
9700	17342	1.0633	9	1.5554	38	1	3.5757	4123890590	31399536
9800	17750	1.0646	10	1.5711	51	1	3.6224	4189254261	7860059
9900	18111	1.0656	11	1.5802	44	1	3.6588	4331535544	3291472
10000	17607	1.0614	10	1.5442	40	1	3.5214	4433984718	3324879
Done in 4433984718 ns
Start computing the 5th graph now

Nodes	Edges	Alpha	Max_Dep	Average_Dep	Max_Deg	Min_Deg	Avg_Deg	Graph_Time	Analysis_time	Diameter
100	154	1.0938	4	1.4	12	1	3.08	241907	15743
200	385	1.1236	7	1.63	23	1	3.85	905040	17663
300	523	1.0974	7	1.57	17	1	3.4867	1752099	23039
400	728	1.0999	7	1.565	21	1	3.64	3184726	39934
500	898	1.0942	6	1.592	27	1	3.592	4708740	39934
600	1057	1.0885	8	1.5583	26	1	3.5233	7919192	57981
700	1347	1.0999	6	1.5971	26	1	3.8486	11680654	78716
800	1464	1.0904	7	1.5863	29	1	3.66	18703254	124409
900	1707	1.0941	7	1.5967	42	1	3.7933	22129118	89468
1000	1806	1.0856	8	1.561	24	1	3.612	26109449	117882
1100	2079	1.0909	8	1.6227	31	1	3.78	36478430	322927
1200	2112	1.0797	10	1.5517	29	1	3.52	41003243	347118
1300	2295	1.0793	8	1.5669	31	1	3.5308	46948781	306800
1400	2479	1.0789	7	1.5457	29	1	3.5414	52979562	288369
1500	2724	1.0816	8	1.582	25	1	3.632	57897571	243443
1600	2929	1.082	9	1.5688	24	1	3.6613	63805095	187382
1700	2925	1.073	8	1.5271	25	1	3.4412	69046799	228468
1800	3229	1.078	8	1.5694	32	1	3.5878	75460024	243827
1900	3437	1.0785	8	1.5753	38	1	3.6179	116393386	289520
2000	3600	1.0773	8	1.5815	32	1	3.6	124041489	12893262
2100	3828	1.0785	9	1.5829	39	1	3.6457	131618940	317551
2200	3809	1.0713	8	1.5314	29	1	3.4627	176084913	959565
2300	4251	1.0794	10	1.5848	40	1	3.6965	184231421	425450
2400	4286	1.0745	9	1.5525	32	1	3.5717	205111456	6005822
2500	4604	1.078	10	1.5808	35	1	3.6832	228581817	493797
2600	4715	1.0757	9	1.55	27	1	3.6269	237683666	475367
2700	4936	1.0764	7	1.5819	31	1	3.6563	310335267	839763
2800	5065	1.0747	8	1.5671	28	1	3.6179	321637318	528356
2900	5210	1.0735	8	1.5576	51	1	3.5931	332705910	597088
3000	5385	1.0731	8	1.5617	33	1	3.59	350438466	813652
3100	5540	1.0722	9	1.5548	29	1	3.5742	361068938	530659
3200	5656	1.0706	9	1.5544	30	1	3.535	372019648	554850
3300	5851	1.0707	7	1.55	35	1	3.5461	386782507	1495216
3400	6121	1.0723	9	1.5709	36	1	3.6006	401440923	726489
3500	6319	1.0724	13	1.5726	41	1	3.6109	417835310	681179
3600	6556	1.0732	11	1.5742	33	1	3.6422	431670474	736856
3700	6876	1.0754	9	1.5986	35	1	3.7168	446043593	792534
3800	6799	1.0706	8	1.5637	48	1	3.5784	474720715	1067847
3900	7212	1.0743	9	1.5995	32	1	3.6985	492358043	1078215
4000	7283	1.0723	10	1.57	43	1	3.6415	509718906	941902
4100	7450	1.0718	11	1.5717	47	1	3.6341	526748394	1026761
4200	7549	1.0703	10	1.5633	32	1	3.5948	589497932	949198
4300	7756	1.0705	11	1.563	42	1	3.6074	605482997	981067
4400	7906	1.0699	9	1.5705	35	1	3.5936	636781162	1031369
4500	8202	1.0714	12	1.5778	54	1	3.6453	653733471	1044424
4600	8435	1.0719	11	1.5796	41	1	3.6674	674849269	1316665
4700	8479	1.0698	9	1.5753	40	1	3.6081	692915119	1127363
4800	8463	1.0669	8	1.5504	40	1	3.5263	711362644	1317818
4900	8815	1.0691	11	1.5659	30	1	3.598	738589859	1230654
5000	9067	1.0699	10	1.5736	48	1	3.6268	768132086	1321658
5100	9396	1.0716	10	1.5884	50	1	3.6847	806972760	1240254
5200	9298	1.0679	9	1.5462	39	1	3.5762	866611297	1359287
5300	9727	1.0708	7	1.5747	44	1	3.6706	887072410	2036627
5400	9852	1.07	10	1.5791	40	1	3.6489	951777940	1382326
5500	9725	1.0662	13	1.5618	52	1	3.5364	1011035953	32253123
5600	10124	1.0686	10	1.5663	58	1	3.6157	1072858565	1640360
5700	9791	1.0626	8	1.5288	47	1	3.4354	1093597296	1426867
5800	10387	1.0672	11	1.566	40	1	3.5817	1195392170	1532846
5900	10643	1.0679	9	1.5647	39	1	3.6078	1292285162	2935907
6000	10873	1.0683	10	1.5735	44	1	3.6243	1323729239	1646504
6100	11171	1.0694	10	1.5854	48	1	3.6626	1421314546	1703332
6200	11383	1.0696	9	1.5863	37	1	3.6719	1448925740	1358136
6300	11417	1.068	13	1.5605	50	1	3.6244	1486752708	1761313
6400	11595	1.0678	9	1.5767	44	1	3.6234	1516877816	2055058
6500	11484	1.0648	8	1.5486	34	1	3.5335	1549570210	1632297
6600	12130	1.0692	9	1.5827	65	1	3.6758	1579560158	1874972
6700	12226	1.0683	10	1.5803	45	1	3.6496	1626586890	1760930
6800	12500	1.069	14	1.5841	53	1	3.6765	1655717875	1822367
6900	12715	1.0692	11	1.5896	52	1	3.6855	1687972917	48960836
7000	12690	1.0672	10	1.5733	55	1	3.6257	1720130428	1902235
7100	12888	1.0672	9	1.5721	44	1	3.6304	1757656356	1864220
7200	12779	1.0646	12	1.5426	46	1	3.5497	1807700398	44779685
7300	13203	1.0666	8	1.5685	43	1	3.6173	1848088893	17739467
7400	13586	1.0682	10	1.5811	39	1	3.6719	1936688313	9881711
7500	13371	1.0648	9	1.5556	41	1	3.5656	1978444927	2190603
7600	13718	1.0661	10	1.5603	50	1	3.61	2025691295	2083856
7700	14010	1.0669	11	1.5795	35	1	3.639	2060436060	2138765
7800	13885	1.0643	9	1.5503	44	1	3.5603	2097455519	2378753
7900	14312	1.0662	11	1.5751	64	1	3.6233	2136552307	2295429
8000	14466	1.0659	12	1.5648	48	1	3.6165	2205481995	2204426
8100	14676	1.066	10	1.5698	42	1	3.6237	2326887852	2227848
8200	14838	1.0658	9	1.5677	43	1	3.619	2388769981	2610292
8300	14628	1.0628	9	1.5399	43	1	3.5248	2454857453	2366849
8400	14818	1.0628	10	1.5505	38	1	3.5281	2529326045	2790763
8500	15198	1.0642	10	1.5608	42	1	3.576	2572546004	2265095
8600	15260	1.0633	14	1.557	62	1	3.5488	2654261824	2517369
8700	15636	1.0646	11	1.5571	49	1	3.5945	2718731207	2376065
8800	15879	1.065	11	1.5701	56	1	3.6089	2798482588	6008510
8900	16049	1.0648	10	1.5607	40	1	3.6065	2888233178	2789610
9000	15859	1.0622	9	1.5502	59	1	3.5242	2928283771	4583947
9100	16413	1.0647	11	1.5613	51	1	3.6073	2983574509	2458237
9200	16286	1.0626	9	1.5584	37	1	3.5404	3041466323	1264829
9300	16590	1.0633	12	1.5511	71	1	3.5677	3163506513	2702831
9400	17264	1.0664	10	1.5897	51	1	3.6732	3258299905	2551927
9500	17165	1.0646	12	1.5737	41	1	3.6137	3351910641	2497786
9600	17170	1.0634	11	1.557	44	1	3.5771	3473700861	2887141
9700	17462	1.064	10	1.5613	42	1	3.6004	3554967425	3002720
9800	17611	1.0638	9	1.5689	48	1	3.5941	3645371548	8025938
9900	17459	1.0617	14	1.5414	45	1	3.5271	3706722250	2872550
10000	18070	1.0642	11	1.5759	40	1	3.614	3747890223	2723566
Done in 3747890223 ns
Start computing the 6th graph now

Nodes	Edges	Alpha	Max_Dep	Average_Dep	Max_Deg	Min_Deg	Avg_Deg	Graph_Time	Analysis_time	Diameter
100	208	1.159	8	1.66	13	1	4.16	357485	17663
200	332	1.0957	5	1.465	15	1	3.32	931151	17663
300	535	1.1014	6	1.5467	18	1	3.5667	1826591	24574
400	691	1.0912	9	1.53	19	1	3.455	3243475	34942
500	849	1.0852	7	1.542	21	1	3.396	4725251	39166
600	1025	1.0837	7	1.5017	21	1	3.4167	6441255	47614
700	1209	1.0834	5	1.5286	23	1	3.4543	8931745	209653
800	1420	1.0858	7	1.5638	28	1	3.55	14245637	236915
900	1525	1.0775	6	1.5211	22	1	3.3889	18061625	114426
1000	1737	1.0799	7	1.526	22	1	3.474	30368166	1041353
1100	2053	1.0891	13	1.6073	37	1	3.7327	44507441	811733
1200	2122	1.0804	9	1.56	30	1	3.5367	53802048	127865
1300	2364	1.0834	8	1.5792	26	1	3.6369	70359242	522596
1400	2442	1.0768	8	1.5479	23	1	3.4886	80121536	327150
1500	2778	1.0843	8	1.5933	38	1	3.704	88103317	206581
1600	2958	1.0833	9	1.5819	40	1	3.6975	99508659	299504
1700	3044	1.0783	7	1.5712	28	1	3.5812	105663849	230388
1800	3278	1.08	12	1.5733	32	1	3.6422	112316677	1462194
1900	3353	1.0752	7	1.5511	32	1	3.5295	120505039	325615
2000	3464	1.0723	7	1.526	35	1	3.464	130119500	349038
2100	3751	1.0758	7	1.5648	30	1	3.5724	138057891	335982
2200	3983	1.0771	10	1.5655	35	1	3.6209	175440211	450408
2300	4080	1.074	9	1.5726	27	1	3.5478	189764181	432361
2400	4317	1.0754	9	1.5583	37	1	3.5975	200865795	473447
2500	4514	1.0755	11	1.5784	28	1	3.6112	211853751	600160
2600	4621	1.0731	8	1.5654	49	1	3.5546	222928102	2267399
2700	4796	1.0727	9	1.5474	33	1	3.5526	250432935	538723
2800	5055	1.0744	10	1.5757	47	1	3.6107	262431909	540259
2900	5332	1.0764	11	1.5879	32	1	3.6772	275121278	817492
3000	5375	1.0728	10	1.563	40	1	3.5833	286539675	977228
3100	5561	1.0727	11	1.5603	39	1	3.5877	311037180	649310
3200	5825	1.0742	11	1.5725	46	1	3.6406	327855096	1469874
3300	5934	1.0724	11	1.5727	30	1	3.5964	347592024	2740077
3400	6051	1.0709	10	1.5429	44	1	3.5594	361299322	1072455
3500	6479	1.0755	9	1.5951	40	1	3.7023	412377038	1114309
3600	6636	1.0747	11	1.5956	36	1	3.6867	469116914	797525
3700	6702	1.0723	10	1.5716	40	1	3.6227	526166278	1003722
3800	6966	1.0735	9	1.5908	39	1	3.6663	542771469	859346
3900	6933	1.0696	9	1.5533	37	1	3.5554	611145539	1114308
4000	7251	1.0717	11	1.5753	41	1	3.6255	640869005	999882
4100	7439	1.0716	9	1.5722	41	1	3.6288	678488241	1563181
4200	7589	1.0709	10	1.5686	44	1	3.6138	718721608	9335309
4300	7460	1.0659	8	1.54	32	1	3.4698	784620546	1088582
4400	7962	1.0707	11	1.568	44	1	3.6191	939814291	5494746
4500	8049	1.0691	10	1.5607	38	1	3.5773	1010054501	1104325
4600	8215	1.0688	9	1.5604	41	1	3.5717	1083235226	95974897
4700	8526	1.0704	14	1.5772	34	1	3.6281	1114838655	6546849
4800	8490	1.0673	9	1.5396	36	1	3.5375	1163359835	1286716
4900	8984	1.0713	10	1.5882	40	1	3.6669	1230406104	1735203
5000	8872	1.0673	8	1.5626	37	1	3.5488	1249301349	1237181
5100	9330	1.0708	9	1.5827	47	1	3.6588	1316841032	1371958
5200	9428	1.0695	10	1.5704	53	1	3.6262	1345366482	1795104
5300	9572	1.0689	11	1.5753	45	1	3.6121	1471821668	2031251
5400	9707	1.0682	9	1.5667	51	1	3.5952	1516832123	1456818
5500	10203	1.0717	12	1.5949	41	1	3.7102	1642265540	478822
5600	10075	1.068	11	1.5579	43	1	3.5982	1672313852	1691814
5700	10283	1.0682	11	1.5677	52	1	3.6081	1705912822	1475249
5800	10447	1.0679	10	1.5622	52	1	3.6024	1734497405	1589291
5900	10657	1.0681	10	1.5636	35	1	3.6125	1778842424	3663932
6000	11023	1.0699	11	1.5913	43	1	3.6743	1819219400	1807391
6100	11013	1.0678	12	1.5734	39	1	3.6108	1864417622	1785504
6200	11133	1.067	11	1.5605	46	1	3.5913	1899641977	2878694
6300	11460	1.0684	11	1.574	57	1	3.6381	1954791410	1717924
6400	11721	1.069	10	1.5813	39	1	3.6628	1987290664	2252039
6500	11844	1.0683	11	1.5878	46	1	3.6443	2046583619	2597621
6600	11879	1.0668	12	1.5677	43	1	3.5997	2126807679	3733048
6700	12018	1.0663	10	1.5599	40	1	3.5875	2179073427	3033437
6800	12492	1.0689	12	1.5776	53	1	3.6741	2225467361	2933987
6900	12492	1.0672	11	1.5651	63	1	3.6209	2267273125	1954455
7000	12582	1.0662	10	1.564	64	1	3.5949	2307306823	2498939
7100	12678	1.0654	9	1.5594	40	1	3.5713	2350385094	1861532
7200	12801	1.0648	9	1.555	38	1	3.5558	2386680752	2404863
7300	13132	1.066	9	1.5642	46	1	3.5978	2423842284	2525433
7400	13331	1.0661	11	1.5638	45	1	3.603	2465396540	4911097
7500	13441	1.0654	10	1.5555	34	1	3.5843	2594073431	2345731
7600	13961	1.0681	9	1.5825	48	1	3.6739	2659527721	2196362
7700	14076	1.0674	10	1.5751	38	1	3.6561	2714541609	3416265
7800	13719	1.063	9	1.5417	41	1	3.5177	2754650951	3040733
7900	13941	1.0633	11	1.5411	36	1	3.5294	2808084381	2785386
8000	14446	1.0658	12	1.5673	47	1	3.6115	2870351641	2295429
8100	14849	1.0673	9	1.5849	50	1	3.6664	2955353173	2269318
8200	14476	1.0631	8	1.5424	36	1	3.5307	3105890782	2490491
8300	14758	1.0638	8	1.5528	37	1	3.5561	3175776195	3151704
8400	14936	1.0637	11	1.5557	52	1	3.5562	3234849899	2672881
8500	15136	1.0638	9	1.5638	35	1	3.5614	3283082326	4819326
8600	15674	1.0663	10	1.5748	52	1	3.6451	3328853829	3056860
8700	15495	1.0636	12	1.56	45	1	3.5621	3454764917	786006
8800	15989	1.0657	11	1.576	56	1	3.6339	3596088555	2880230
8900	15733	1.0626	10	1.5549	41	1	3.5355	3751230078	2473596
9000	16250	1.0649	9	1.5646	54	1	3.6111	3843886240	2543864
9100	16359	1.0643	11	1.5633	48	1	3.5954	3882604041	3217748
9200	16439	1.0636	10	1.5638	54	1	3.5737	4006734999	2919780
9300	16774	1.0645	13	1.5641	43	1	3.6073	4075046864	3287632
9400	16666	1.0626	10	1.5476	44	1	3.546	4164198062	2714351
9500	17259	1.0652	9	1.5709	48	1	3.6335	4366302960	9894383
9600	17177	1.0635	12	1.5594	59	1	3.5785	4448986024	2794987
9700	17298	1.063	10	1.5512	43	1	3.5666	4523372828	2986208
9800	17735	1.0645	11	1.5686	45	1	3.6194	4570941355	2755052
9900	17735	1.0634	11	1.5605	36	1	3.5828	4612067474	3432776
10000	17992	1.0638	8	1.5596	48	1	3.5984	4655796591	6438567
Done in 4655796591 ns
Start computing the 7th graph now

Nodes	Edges	Alpha	Max_Dep	Average_Dep	Max_Deg	Min_Deg	Avg_Deg	Graph_Time	Analysis_time	Diameter
100	140	1.0731	4	1.33	14	1	2.8	251123	18815
200	278	1.0622	4	1.325	15	1	2.78	666205	17279
300	491	1.0864	5	1.4567	24	1	3.2733	1877277	27262
400	729	1.1002	7	1.5575	22	1	3.645	3150169	32254
500	906	1.0957	7	1.582	22	1	3.624	4733700	41086
600	1098	1.0945	8	1.58	28	1	3.66	6640542	48381
700	1218	1.0845	7	1.5357	23	1	3.48	8737454	59901
800	1398	1.0835	10	1.55	21	1	3.495	11562775	93307
900	1672	1.0911	7	1.5922	29	1	3.7156	14586997	86395
1000	1753	1.0813	8	1.539	32	1	3.506	17692623	98682
1100	2066	1.09	9	1.6273	26	1	3.7564	21947115	166647
1200	2149	1.0822	8	1.5742	33	1	3.5817	25770782	167031
1300	2257	1.0769	7	1.5438	40	1	3.4723	29824837	147832
1400	2488	1.0794	6	1.5529	32	1	3.5543	34783548	178934
1500	2647	1.0777	9	1.5527	27	1	3.5293	39474241	194293
1600	2961	1.0834	10	1.5806	36	1	3.7013	60770126	262258
1700	2943	1.0738	7	1.5088	25	1	3.4624	66130095	228852
1800	3260	1.0792	7	1.5561	29	1	3.6222	72630483	269170
1900	3306	1.0734	8	1.5363	27	1	3.48	79366635	346350
2000	3652	1.0792	11	1.58	41	1	3.652	86336246	311408
2100	3691	1.0737	9	1.5314	40	1	3.5152	93824230	325998
2200	3848	1.0726	8	1.545	37	1	3.4982	102506390	349421
2300	4187	1.0774	8	1.58	35	1	3.6409	122162298	1109701
2400	4362	1.0768	9	1.5804	41	1	3.635	163427419	700378
2500	4685	1.0803	11	1.6072	42	1	3.748	186931186	577889
2600	4743	1.0765	10	1.5677	32	1	3.6485	196754532	589025
2700	4890	1.0752	9	1.5756	35	1	3.6222	208590698	557539
2800	4914	1.0709	9	1.5382	56	1	3.51	218123756	569058
2900	5132	1.0716	8	1.5583	48	1	3.5393	227871843	590945
3000	5341	1.072	9	1.5533	38	1	3.5607	239252994	610143
3100	5542	1.0723	10	1.5629	42	1	3.5755	257022795	825172
3200	5753	1.0727	10	1.5691	26	1	3.5956	273457884	602080
3300	5998	1.0738	11	1.5745	39	1	3.6352	285839686	606687
3400	6129	1.0725	8	1.5685	36	1	3.6053	298719893	675804
3500	6276	1.0716	10	1.5643	31	1	3.5863	313644022	714586
3600	6412	1.0705	9	1.5436	44	1	3.5622	326743865	811349
3700	6686	1.072	9	1.5676	33	1	3.6141	351603847	5113070
3800	6961	1.0734	8	1.5795	37	1	3.6637	367948701	789077
3900	7152	1.0733	10	1.5769	28	1	3.6677	383849675	911568
4000	7239	1.0715	9	1.5613	43	1	3.6195	399109403	946893
4100	7351	1.0702	9	1.5576	34	1	3.5859	414403688	1230654
4200	7541	1.0702	9	1.5645	28	1	3.591	432782097	2615668
4300	7969	1.0737	11	1.5921	44	1	3.7065	468544792	1015241
4400	7878	1.0694	10	1.5575	35	1	3.5809	490058777	14497144
4500	8212	1.0715	9	1.5856	36	1	3.6498	511121202	1204544
4600	8122	1.0674	9	1.5543	41	1	3.5313	559745289	1474482
4700	8580	1.0712	11	1.5821	50	1	3.6511	593205259	843602
4800	8549	1.0681	10	1.5644	37	1	3.5621	636240909	1257148
4900	8903	1.0703	8	1.5722	44	1	3.6339	679040028	1710244
5000	9068	1.0699	11	1.5784	38	1	3.6272	697890731	1641897
5100	9173	1.0688	13	1.5708	40	1	3.5973	718327653	1459122
5200	9165	1.0662	8	1.5444	33	1	3.525	800415549	3475782
5300	9663	1.07	8	1.5717	30	1	3.6464	843446590	1387702
5400	9637	1.0674	8	1.5578	47	1	3.5693	902348654	1356600
5500	9922	1.0685	10	1.5656	57	1	3.608	972134616	1345848
5600	10378	1.0715	10	1.5971	55	1	3.7064	1034242909	1358903
5700	10443	1.07	13	1.5816	40	1	3.6642	1070072032	1471794
5800	10528	1.0688	12	1.5717	47	1	3.6303	1140709276	1395382
5900	10624	1.0677	10	1.5544	49	1	3.6014	1198897906	1496368
6000	10582	1.0652	10	1.5485	38	1	3.5273	1220993236	2415615
6100	11054	1.0682	9	1.5705	33	1	3.6243	1255314855	1546286
6200	11334	1.0691	12	1.5756	75	1	3.6561	1324810529	1469873
6300	11409	1.0679	10	1.5643	38	1	3.6219	1370976379	1643816
6400	11294	1.0648	11	1.5428	39	1	3.5294	1418410513	1623081
6500	11861	1.0685	12	1.5697	44	1	3.6495	1445467626	1926424
6600	11572	1.0638	9	1.5405	41	1	3.5067	1555698913	1609257
6700	11951	1.0657	9	1.5596	35	1	3.5675	1607048102	5883333
6800	12284	1.067	10	1.5649	58	1	3.6129	1638170405	1800095
6900	12377	1.0661	10	1.5701	39	1	3.5875	1681055919	1759778
7000	12500	1.0655	10	1.5493	56	1	3.5714	1709309127	1927193
7100	12725	1.0658	9	1.5596	58	1	3.5845	1742827845	2086545
7200	13123	1.0676	10	1.5792	51	1	3.6453	1800592178	1907610
7300	12948	1.0644	10	1.5499	35	1	3.5474	1831490237	2007445
7400	13482	1.0673	11	1.5742	47	1	3.6438	1945989071	2441726
7500	13553	1.0663	10	1.5684	45	1	3.6141	2048456292	2263943
7600	13705	1.066	11	1.5662	39	1	3.6066	2124683894	2115343
7700	14115	1.0677	11	1.5752	50	1	3.6662	2198482057	3056092
7800	13936	1.0648	9	1.5563	45	1	3.5733	2358951295	4433427
7900	14196	1.0653	10	1.573	44	1	3.5939	2395922373	4077862
8000	14543	1.0665	9	1.5736	56	1	3.6358	2437199397	2061202
8100	14489	1.0646	9	1.5627	38	1	3.5775	2496822575	2461309
8200	15014	1.0671	11	1.5837	41	1	3.662	2635958298	572898
8300	14699	1.0633	9	1.551	36	1	3.5419	2670092536	2356482
8400	14942	1.0637	10	1.5592	38	1	3.5576	2725409768	3586752
8500	15297	1.0649	9	1.5655	40	1	3.5993	2767066547	2286213
8600	15567	1.0655	10	1.569	44	1	3.6202	2922520629	2748525
8700	15953	1.0668	10	1.5714	46	1	3.6674	3032377151	7440370
8800	15803	1.0645	12	1.5683	51	1	3.5916	3154966048	2541560
8900	16347	1.0669	11	1.5907	34	1	3.6735	3191557370	4364695
9000	16358	1.0656	12	1.5762	45	1	3.6351	3294569075	2445949
9100	16403	1.0646	12	1.5615	45	1	3.6051	3414041979	2512378
9200	16220	1.0621	10	1.5458	43	1	3.5261	3452198017	47901821
9300	16568	1.0632	13	1.5566	55	1	3.563	3498383066	3642429
9400	16985	1.0647	8	1.5666	44	1	3.6138	3579472999	3195861
9500	17092	1.0641	11	1.5559	55	1	3.5983	3630124113	2558072
9600	17134	1.0632	10	1.5595	49	1	3.5696	3679800303	2964705
9700	17685	1.0654	13	1.5784	40	1	3.6464	3787394418	3194326
9800	17836	1.0652	10	1.5737	56	1	3.64	3832036638	2799978
9900	17903	1.0644	9	1.5675	39	1	3.6168	3875632130	2836072
10000	18152	1.0647	12	1.5799	42	1	3.6304	3918653956	3102170
Done in 3918653956 ns
Start computing the 8th graph now

Nodes	Edges	Alpha	Max_Dep	Average_Dep	Max_Deg	Min_Deg	Avg_Deg	Graph_Time	Analysis_time	Diameter
100	151	1.0895	3	1.33	14	1	3.02	255347	18431
200	352	1.1067	7	1.565	15	1	3.52	821716	22271
300	529	1.0994	7	1.5233	18	1	3.5267	1716388	24191
400	683	1.0893	7	1.5025	21	1	3.415	2837992	31870
500	832	1.0819	6	1.474	23	1	3.328	4380053	53757
600	1037	1.0855	8	1.5383	22	1	3.4567	6125240	47613
700	1318	1.0966	11	1.6171	22	1	3.7657	8474810	74492
800	1362	1.0796	10	1.4938	28	1	3.405	11125036	80636
900	1672	1.0911	7	1.5922	38	1	3.7156	14565876	97531
1000	1811	1.086	7	1.588	26	1	3.622	17782855	115962
1100	1911	1.0789	9	1.5318	29	1	3.4745	21296267	121337
1200	2195	1.0852	7	1.5908	31	1	3.6583	25571878	173559
1300	2250	1.0765	7	1.5077	31	1	3.4615	29763397	167799
1400	2498	1.0799	8	1.5571	31	1	3.5686	39007319	190069
1500	2638	1.0772	8	1.5487	28	1	3.5173	44347322	416617
1600	2900	1.0806	8	1.5694	37	1	3.625	58351821	363244
1700	3009	1.0768	11	1.5641	37	1	3.54	64073499	232691
1800	3100	1.0725	7	1.5283	32	1	3.4444	69850854	256498
1900	3490	1.0805	7	1.5947	32	1	3.6737	77707841	315631
2000	3552	1.0756	7	1.566	39	1	3.552	84213989	314095
2100	3781	1.0769	7	1.5595	29	1	3.601	91568731	370540
2200	4105	1.081	10	1.5986	37	1	3.7318	99678761	373996
2300	4148	1.0762	8	1.5652	37	1	3.607	108267997	430825
2400	4309	1.0752	10	1.5679	44	1	3.5908	117319161	1154626
2500	4351	1.0708	9	1.5364	30	1	3.4808	130712748	627039
2600	4834	1.0789	9	1.5904	40	1	3.7185	143904746	580577
2700	4805	1.073	9	1.5452	32	1	3.5593	153467754	522980
2800	5182	1.0776	9	1.6064	40	1	3.7014	163579469	961485
2900	5263	1.0748	9	1.5807	44	1	3.6297	174218772	1049032
3000	5499	1.0757	11	1.5823	45	1	3.666	186016541	714202
3100	5656	1.0748	9	1.5823	39	1	3.649	272749436	4625801
3200	5989	1.0777	16	1.6009	56	1	3.7431	318494060	2212490
3300	6083	1.0755	8	1.5948	41	1	3.6867	384861069	883920
3400	5891	1.0676	8	1.5294	32	1	3.4653	406331281	879697
3500	6289	1.0718	11	1.5611	34	1	3.5937	421541475	854354
3600	6366	1.0696	10	1.5589	33	1	3.5367	434727714	841299
3700	6638	1.0711	9	1.5638	34	1	3.5881	448703030	758360
3800	6903	1.0724	8	1.5692	39	1	3.6332	462976698	830932
3900	7059	1.0718	8	1.5733	32	1	3.62	488719065	865106
4000	7087	1.069	11	1.5458	33	1	3.5435	503580989	884305
4100	7500	1.0726	9	1.5785	41	1	3.6585	565661252	1111620
4200	7689	1.0725	11	1.5757	48	1	3.6614	582040664	10431569
4300	7721	1.07	8	1.5663	34	1	3.5912	598261876	978763
4400	7847	1.069	10	1.555	52	1	3.5668	648621934	1780897
4500	8152	1.0706	9	1.5689	46	1	3.6231	675901370	1520559
4600	8339	1.0705	8	1.5785	32	1	3.6257	704880683	1853085
4700	8439	1.0692	9	1.5583	34	1	3.5911	722381699	1135427
4800	8843	1.0721	12	1.5804	57	1	3.6846	771263820	1173058
4900	8817	1.0691	10	1.5702	35	1	3.5988	803447442	1309754
5000	9019	1.0693	11	1.5692	50	1	3.6076	833289557	1313594
5100	8950	1.0659	10	1.5484	42	1	3.5098	890792016	1403061
5200	9533	1.0708	10	1.5827	37	1	3.6665	911388674	1349688
5300	9327	1.0659	11	1.5428	36	1	3.5196	936989736	2638323
5400	9681	1.0679	10	1.5619	37	1	3.5856	1049879696	1351224
5500	9766	1.0667	9	1.5607	48	1	3.5513	1113266641	55348335
5600	10139	1.0688	9	1.5748	45	1	3.6211	1136444409	1397685
5700	10192	1.0672	10	1.5553	34	1	3.5761	1198180626	1325113
5800	10468	1.0681	10	1.5705	37	1	3.6097	1252459194	1555885
5900	10599	1.0675	11	1.5702	33	1	3.5929	1283640630	1490992
6000	10660	1.0661	10	1.5485	41	1	3.5533	1346700808	1514799
6100	11021	1.0679	10	1.5638	39	1	3.6134	1409896147	1571244
6200	10993	1.0656	10	1.5542	43	1	3.5461	1446281657	1504431
6300	11070	1.0644	9	1.5417	50	1	3.5143	1473839479	2974688
6400	11588	1.0677	11	1.5709	65	1	3.6213	1498916409	1583532
6500	11767	1.0676	9	1.5663	36	1	3.6206	1535578384	1600810
6600	12107	1.069	10	1.5782	41	1	3.6688	1569555958	1731748
6700	12138	1.0675	9	1.5687	49	1	3.6233	1600638327	1685286
6800	12038	1.0647	12	1.5478	35	1	3.5406	1629730147	1691046
6900	12745	1.0694	12	1.5955	42	1	3.6942	1666592175	2027027
7000	12315	1.0638	9	1.5483	48	1	3.5186	1705023527	1727139
7100	12737	1.0659	12	1.5594	46	1	3.5879	1756937549	1813151
7200	12924	1.0659	10	1.5621	44	1	3.59	1796886772	5044338
7300	13370	1.068	10	1.5871	35	1	3.663	1908811024	4082086
7400	13372	1.0664	10	1.5662	54	1	3.6141	1951731479	2023188
7500	13393	1.065	11	1.5589	44	1	3.5715	1989634091	2414463
7600	13666	1.0657	10	1.5675	45	1	3.5963	2023838597	2092688
7700	14294	1.0691	11	1.5848	55	1	3.7127	2072404703	1520943
7800	14083	1.0659	11	1.5672	54	1	3.611	2109351590	2205578
7900	14175	1.0651	10	1.5628	37	1	3.5886	2161543998	2302725
8000	14421	1.0656	15	1.5685	45	1	3.6053	2223054051	2473212
8100	14767	1.0667	9	1.5765	54	1	3.6462	2304900039	2727023
8200	14884	1.0662	11	1.572	57	1	3.6302	2398065358	2260487
8300	14846	1.0644	10	1.56	67	1	3.5773	2474215780	2266247
8400	15247	1.066	13	1.5748	45	1	3.6302	2534871863	4640775
8500	15102	1.0635	10	1.5533	56	1	3.5534	2587057743	4124707
8600	15415	1.0644	10	1.5643	47	1	3.5849	2621752975	2854503
8700	15825	1.066	11	1.576	50	1	3.6379	2769175744	3133656
8800	16037	1.0661	10	1.5848	53	1	3.6448	2824051016	2649074
8900	15907	1.0639	9	1.5634	33	1	3.5746	2884824213	2813417
9000	16011	1.0633	11	1.5571	34	1	3.558	2962224104	2547704
9100	16268	1.0637	9	1.5566	60	1	3.5754	3012145657	2922851
9200	16603	1.0647	11	1.5636	46	1	3.6093	3053417689	2970465
9300	16851	1.065	11	1.5795	56	1	3.6239	3116957073	2800746
9400	17161	1.0658	11	1.5878	43	1	3.6513	3243488287	2586101
9500	17025	1.0637	9	1.5613	53	1	3.5842	3335688666	2578806
9600	17013	1.0624	10	1.54	44	1	3.5444	3456737422	3009247
9700	17355	1.0634	11	1.5576	40	1	3.5784	3556938781	2864486
9800	17268	1.0616	9	1.5448	57	1	3.5241	3596059760	2788843
9900	17790	1.0637	13	1.5624	67	1	3.5939	3655704057	3051484
10000	18014	1.0639	11	1.5716	51	1	3.6028	3726765599	13955350
Done in 3726765599 ns
Start computing the 9th graph now

Nodes	Edges	Alpha	Max_Dep	Average_Dep	Max_Deg	Min_Deg	Avg_Deg	Graph_Time	Analysis_time	Diameter
100	171	1.1165	5	1.54	15	1	3.42	280689	18431
200	346	1.1035	5	1.53	24	1	3.46	1110469	47229
300	527	1.0988	7	1.5533	25	1	3.5133	2043923	41854
400	730	1.1004	5	1.5675	20	1	3.65	3311439	45310
500	954	1.104	8	1.6	25	1	3.816	5288165	106363
600	1076	1.0913	10	1.555	21	1	3.5867	7607017	122873
700	1319	1.0967	6	1.64	32	1	3.7686	10222301	128633
800	1508	1.0948	7	1.5975	33	1	3.77	13345206	145528
900	1661	1.0901	7	1.6011	27	1	3.6911	17099757	179318
1000	1724	1.0788	7	1.521	35	1	3.448	20307905	187382
1100	1953	1.082	7	1.5536	25	1	3.5509	24180338	254578
1200	2110	1.0796	8	1.5442	21	1	3.5167	28758909	269553
1300	2429	1.0872	9	1.5977	27	1	3.7369	38181765	327534
1400	2490	1.0795	7	1.5621	29	1	3.5571	61250483	806741
1500	2717	1.0812	9	1.5827	33	1	3.6227	74788830	3052253
1600	2784	1.0751	7	1.5263	25	1	3.48	87233988	435817
1700	3024	1.0774	7	1.5565	31	1	3.5576	110765785	517604
1800	3260	1.0792	8	1.5678	24	1	3.6222	118281415	469223
1900	3491	1.0806	10	1.5974	36	1	3.6747	127087216	522596
2000	3712	1.0814	8	1.6125	33	1	3.712	135131202	397419
2100	3751	1.0758	9	1.5486	40	1	3.5724	143529985	348653
2200	3892	1.0741	11	1.5523	37	1	3.5382	161272524	355181
2300	4221	1.0784	13	1.563	46	1	3.6704	169309982	374380
2400	4322	1.0756	10	1.5658	39	1	3.6017	177638112	462696
2500	4547	1.0765	10	1.588	40	1	3.6376	309343450	947277
2600	4561	1.0715	8	1.5454	51	1	3.5085	350140115	620895
2700	4844	1.074	8	1.5537	34	1	3.5881	359793743	508388
2800	4927	1.0712	8	1.5446	35	1	3.5193	385215103	688091
2900	5457	1.0793	10	1.6017	45	1	3.7634	396370090	562530
3000	5277	1.0705	8	1.55	37	1	3.518	407027440	636254
3100	5535	1.0721	9	1.5516	35	1	3.571	419388891	549090
3200	5769	1.073	9	1.5719	38	1	3.6056	439329328	514533
3300	6029	1.0744	8	1.593	45	1	3.6539	484568251	613215
3400	6044	1.0707	11	1.5585	32	1	3.5553	528057380	659677
3500	6431	1.0746	9	1.5829	44	1	3.6749	541228259	710362
3600	6486	1.0719	9	1.5656	32	1	3.6033	555655135	722649
3700	6713	1.0725	8	1.5695	36	1	3.6286	569528313	1924889
3800	6945	1.0732	11	1.5708	34	1	3.6553	605112073	846291
3900	7109	1.0726	9	1.5741	48	1	3.6456	623359161	859346
4000	7337	1.0731	8	1.5788	37	1	3.6685	681509394	1019849
4100	7515	1.0728	10	1.5893	34	1	3.6659	697141198	931150
4200	7647	1.0718	8	1.579	38	1	3.6414	713631964	965709
4300	7659	1.069	10	1.5642	40	1	3.5623	753786999	1288635
4400	7786	1.068	9	1.558	41	1	3.5391	774172853	2156044
4500	8039	1.069	9	1.5511	35	1	3.5729	791724170	1399989
4600	8353	1.0707	10	1.5717	48	1	3.6317	851657603	1218751
4700	8432	1.0691	9	1.5562	33	1	3.5881	910720555	1257917
4800	8541	1.068	8	1.5483	40	1	3.5588	930635649	1366583
4900	8867	1.0698	8	1.5716	42	1	3.6192	963367977	1253693
5000	8619	1.0639	11	1.5248	30	1	3.4476	985901044	1282875
5100	9363	1.0712	13	1.5808	36	1	3.6718	1005533530	1165761
5200	9123	1.0657	10	1.5352	38	1	3.5088	1027588926	1335096
5300	9655	1.0699	10	1.5809	46	1	3.6434	1049799834	1416500
5400	9730	1.0685	10	1.5606	52	1	3.6037	1095521036	1803936
5500	9857	1.0677	9	1.5642	37	1	3.5844	1167576700	2279303
5600	10012	1.0673	9	1.557	40	1	3.5757	1191369219	1342008
5700	10033	1.0654	10	1.544	36	1	3.5204	1251485811	2600692
5800	10527	1.0688	11	1.5716	57	1	3.63	1309955515	1426100
5900	10745	1.069	9	1.5856	36	1	3.6424	1334550551	2551543
6000	10703	1.0665	9	1.549	48	1	3.5677	1408746902	2604148
6100	11090	1.0686	11	1.5759	58	1	3.6361	1443756229	1480625
6200	11248	1.0682	11	1.5718	47	1	3.6284	1513294140	1807007
6300	11501	1.0688	9	1.5775	57	1	3.6511	1583426452	2129550
6400	11391	1.0658	10	1.5583	45	1	3.5597	1668859577	2025876
6500	11303	1.063	9	1.5431	37	1	3.4778	1712914308	1762081
6600	11941	1.0674	11	1.5736	47	1	3.6185	1740946728	1713701
6700	12352	1.0694	13	1.5801	51	1	3.6872	1777029277	9917037
6800	12085	1.0652	9	1.551	40	1	3.5544	1806238978	2372609
6900	12422	1.0665	9	1.5665	44	1	3.6006	1836422835	1959447
7000	12650	1.0668	14	1.5689	43	1	3.6143	1910335424	3177430
7100	12914	1.0675	10	1.5686	46	1	3.6377	2020117454	508005
7200	13273	1.0689	10	1.5914	55	1	3.6869	2052918515	3453895
7300	13295	1.0674	10	1.573	41	1	3.6425	2085041084	1957143
7400	13349	1.0662	10	1.5662	60	1	3.6078	2152904846	2642931
7500	13484	1.0657	10	1.5713	39	1	3.5957	2264918948	2287366
7600	13622	1.0653	10	1.5603	44	1	3.5847	2336362549	23537557
7700	14151	1.068	9	1.5848	43	1	3.6756	2429640759	2819945
7800	13902	1.0645	10	1.5503	57	1	3.5646	2481560157	2210570
7900	13855	1.0626	9	1.5395	40	1	3.5076	2546398928	2306565
8000	14470	1.0659	10	1.5708	48	1	3.6175	2590198312	2359938
8100	14528	1.0649	10	1.56	39	1	3.5872	2639090032	3483078
8200	14743	1.0651	9	1.5601	37	1	3.5959	2687074024	35319199
8300	14918	1.065	10	1.5594	47	1	3.5947	2752073682	2505850
8400	15304	1.0664	9	1.5686	42	1	3.6438	2835252848	35443223
8500	15791	1.0685	11	1.5958	43	1	3.7155	2954087578	2955490
8600	15215	1.063	11	1.5438	40	1	3.5384	2998025963	2494715
8700	15780	1.0656	12	1.5724	65	1	3.6276	3086133505	2612596
8800	15632	1.0633	9	1.5567	41	1	3.5527	3167331721	2539640
8900	15792	1.0631	8	1.5525	36	1	3.5488	3224233636	2444798
9000	16273	1.0651	14	1.5644	61	1	3.6162	3277058457	2879462
9100	16156	1.063	8	1.5512	64	1	3.5508	3331599283	2574198
9200	16627	1.0648	9	1.565	50	1	3.6146	3387532418	4023721
9300	16653	1.0638	9	1.5566	39	1	3.5813	3482908307	3089882
9400	16942	1.0644	11	1.5644	52	1	3.6047	3538595312	2757356
9500	17297	1.0654	11	1.5772	45	1	3.6415	3597106869	2781931
9600	17249	1.0639	9	1.5654	40	1	3.5935	3640600606	2864103
9700	17444	1.0639	9	1.5708	50	1	3.5967	3722201232	24091639
9800	17618	1.0638	12	1.5583	57	1	3.5955	3806677864	689627
9900	18124	1.0657	12	1.5846	47	1	3.6614	3861224066	3238866
10000	18141	1.0647	12	1.5718	43	1	3.6282	3949183392	3004639
Done in 3949183392 ns
Start computing the 10th graph now

Nodes	Edges	Alpha	Max_Dep	Average_Dep	Max_Deg	Min_Deg	Avg_Deg	Graph_Time	Analysis_time	Diameter
100	189	1.1382	7	1.59	16	1	3.78	322542	18047
200	356	1.1088	5	1.58	18	1	3.56	894288	18431
300	542	1.1037	6	1.5933	24	1	3.6133	1941400	26110
400	709	1.0955	6	1.5525	18	1	3.545	3154391	1682982
500	927	1.0993	7	1.608	23	1	3.708	6226610	55293
600	1102	1.095	7	1.575	19	1	3.6733	8494776	63741
700	1210	1.0835	7	1.5086	33	1	3.4571	10620870	58749
800	1454	1.0894	8	1.5525	27	1	3.635	13222331	72956
900	1618	1.0862	7	1.5644	27	1	3.5956	16229274	88699
1000	1777	1.0832	6	1.547	23	1	3.554	19775324	99451
1100	2004	1.0857	10	1.5745	32	1	3.6436	23757191	168567
1200	2107	1.0794	7	1.5417	30	1	3.5117	41770051	148984
1300	2351	1.0826	9	1.5769	36	1	3.6169	45983074	197365
1400	2463	1.078	11	1.5443	35	1	3.5186	50750947	3700026
1500	2737	1.0822	8	1.58	24	1	3.6493	57675248	316783
1600	2780	1.0749	8	1.5388	44	1	3.475	62768736	595552
1700	3220	1.0859	12	1.6029	42	1	3.7882	69070607	254578
1800	3277	1.0799	10	1.5778	32	1	3.6411	105958361	259570
1900	3547	1.0827	11	1.5911	37	1	3.7337	113329999	320238
2000	3524	1.0745	8	1.548	31	1	3.524	126534668	366317
2100	3929	1.0819	9	1.609	41	1	3.7419	135012934	423145
2200	3943	1.0758	9	1.5605	32	1	3.5845	187078629	468455
2300	4082	1.0741	9	1.5457	30	1	3.5496	195515809	487654
2400	4359	1.0767	9	1.5842	36	1	3.6325	210175377	517988
2500	4613	1.0783	7	1.59	42	1	3.6904	219929224	516453
2600	4751	1.0767	7	1.5792	34	1	3.6546	249148909	554082
2700	4833	1.0737	8	1.57	32	1	3.58	259376586	597472
2800	4914	1.0709	10	1.5461	30	1	3.51	305786647	596320
2900	5194	1.0731	9	1.5638	35	1	3.5821	317308334	736857
3000	5521	1.0762	9	1.581	42	1	3.6807	328585043	755671
3100	5525	1.0719	8	1.5684	35	1	3.5645	376153954	932686
3200	5944	1.0767	8	1.5997	36	1	3.715	403346611	520676
3300	5840	1.0705	9	1.5476	39	1	3.5394	416836194	755671
3400	6170	1.0733	9	1.5774	40	1	3.6294	430261267	2983521
3500	6363	1.0732	10	1.5734	44	1	3.636	445372395	974540
3600	6349	1.0693	9	1.5561	38	1	3.5272	514342401	964556
3700	6561	1.0697	8	1.5584	33	1	3.5465	527495618	1506351
3800	7006	1.0742	10	1.5805	39	1	3.6874	543330163	1140419
3900	7062	1.0718	10	1.5682	44	1	3.6215	594595260	1937560
4000	7352	1.0734	12	1.5955	45	1	3.676	613273941	929614
4100	7433	1.0715	8	1.5712	34	1	3.6259	647500334	2071953
4200	7545	1.0702	8	1.5607	43	1	3.5929	741126813	1659175
4300	7600	1.0681	10	1.5512	34	1	3.5349	772402707	37403055
4400	8023	1.0716	9	1.5864	49	1	3.6468	793413678	1247934
4500	8044	1.0691	12	1.5553	31	1	3.5751	832960874	1747875
4600	8533	1.0733	9	1.5939	34	1	3.71	875861746	27345865
4700	8560	1.0709	10	1.5655	42	1	3.6426	923998178	1317433
4800	8779	1.0712	11	1.5842	40	1	3.6579	970379057	1443762
4900	8727	1.0679	10	1.5614	30	1	3.562	1029050733	1334713
5000	9021	1.0693	11	1.5722	42	1	3.6084	1057069714	7353590
5100	9286	1.0702	9	1.5767	32	1	3.6416	1103434466	1657255
5200	9635	1.0721	10	1.5846	45	1	3.7058	1179590647	1335481
5300	9312	1.0657	11	1.5358	56	1	3.514	1244639071	1609641
5400	10005	1.0718	9	1.5941	37	1	3.7056	1269318967	2442109
5500	10058	1.0701	10	1.5778	45	1	3.6575	1338794289	1531310
5600	9884	1.0658	9	1.5479	32	1	3.53	1408690070	1421492
5700	10329	1.0687	12	1.5754	34	1	3.6242	1431836351	1516719
5800	10364	1.067	9	1.5591	41	1	3.5738	1493918534	1480240
5900	10402	1.0653	8	1.5397	36	1	3.5261	1516524557	1590443
6000	10920	1.0688	9	1.579	42	1	3.64	1541718985	1583915
6100	10957	1.0672	12	1.5667	44	1	3.5925	1565698886	16097571
6200	10953	1.0652	12	1.554	37	1	3.5332	1590496663	2013205
6300	11379	1.0676	10	1.5694	55	1	3.6124	1617688936	1656103
6400	11624	1.0681	9	1.5678	48	1	3.6325	1670083700	1890715
6500	11474	1.0647	10	1.5483	47	1	3.5305	1705721985	1126596
6600	11628	1.0644	10	1.5512	38	1	3.5236	1733586222	2293894
6700	12010	1.0662	10	1.5609	47	1	3.5851	1759722552	1711012
6800	12350	1.0676	9	1.5732	49	1	3.6324	1789371526	2109583
6900	12460	1.0669	11	1.571	50	1	3.6116	1820498437	2137230
7000	12687	1.0672	11	1.5656	36	1	3.6249	1881343437	3047645
7100	12774	1.0662	12	1.5641	48	1	3.5983	1962716747	2299269
7200	12955	1.0661	9	1.5628	43	1	3.5986	2013900441	2338435
7300	13160	1.0662	10	1.5641	39	1	3.6055	2095619333	1932953
7400	13413	1.0668	10	1.5749	44	1	3.6251	2242190434	2645619
7500	13585	1.0666	10	1.5807	51	1	3.6227	2332988520	4401173
7600	13411	1.0636	9	1.5421	56	1	3.5292	2439763223	2487803
7700	13978	1.0666	10	1.5697	42	1	3.6306	2503460807	2406399
7800	14097	1.066	10	1.5631	44	1	3.6146	2604596387	2341507
7900	14102	1.0646	10	1.5551	39	1	3.5701	2729538694	2937059
8000	14091	1.063	9	1.5429	56	1	3.5228	2766282840	5467483
8100	14528	1.0649	10	1.5591	41	1	3.5872	2816295397	2293125
8200	14693	1.0647	11	1.5582	43	1	3.5837	2864066281	3311823
8300	15029	1.0658	11	1.5751	39	1	3.6214	2940462449	2413311
8400	14856	1.0631	8	1.5583	45	1	3.5371	3004599305	2363777
8500	15223	1.0644	10	1.5645	52	1	3.5819	3089200730	2327300
8600	15131	1.0624	11	1.5464	48	1	3.5188	3184982869	2427134
8700	15698	1.0651	10	1.5699	43	1	3.6087	3272566663	3672764
8800	15860	1.0649	14	1.5655	41	1	3.6045	3366872785	2490491
8900	16001	1.0645	10	1.5607	51	1	3.5957	3406294803	2985825
9000	16197	1.0645	9	1.5669	45	1	3.5993	3520739879	2414463
9100	16306	1.064	11	1.5656	43	1	3.5837	3649751216	2507002
9200	16501	1.064	9	1.5621	46	1	3.5872	3721723557	2835688
9300	16760	1.0645	11	1.5683	57	1	3.6043	3822668300	2507001
9400	17352	1.067	10	1.589	49	1	3.6919	3882316436	1542830
9500	17261	1.0652	10	1.5711	43	1	3.6339	3924109144	2562679
9600	17567	1.0659	9	1.5827	50	1	3.6598	3972474044	2688624
9700	17419	1.0638	12	1.5679	61	1	3.5915	4018212525	4653831
9800	17880	1.0654	10	1.5856	50	1	3.649	4072318686	4649607
9900	17643	1.0628	9	1.564	45	1	3.5642	4121941119	2809193
10000	18026	1.064	11	1.5624	51	1	3.6052	4171396521	2703216
Done in 4171396521 ns
Degrees:	1	Frequency:	28709
Degrees:	2	Frequency:	21636
Degrees:	3	Frequency:	14767
Degrees:	4	Frequency:	9906
Degrees:	5	Frequency:	6741
Degrees:	6	Frequency:	4825
Degrees:	7	Frequency:	3289
Degrees:	8	Frequency:	2399
Degrees:	9	Frequency:	1786
Degrees:	10	Frequency:	1363
Degrees:	11	Frequency:	1017
Degrees:	12	Frequency:	749
Degrees:	13	Frequency:	569
Degrees:	14	Frequency:	426
Degrees:	15	Frequency:	331
Degrees:	17	Frequency:	218
Degrees:	16	Frequency:	264
Degrees:	19	Frequency:	160
Degrees:	18	Frequency:	185
Degrees:	21	Frequency:	89
Degrees:	20	Frequency:	85
Degrees:	23	Frequency:	76
Degrees:	22	Frequency:	81
Degrees:	25	Frequency:	38
Degrees:	24	Frequency:	68
Degrees:	27	Frequency:	30
Degrees:	26	Frequency:	39
Degrees:	29	Frequency:	23
Degrees:	28	Frequency:	20
Degrees:	31	Frequency:	17
Degrees:	30	Frequency:	19
Degrees:	34	Frequency:	5
Degrees:	35	Frequency:	9
Degrees:	32	Frequency:	17
Degrees:	33	Frequency:	6
Degrees:	38	Frequency:	2
Degrees:	39	Frequency:	3
Degrees:	36	Frequency:	7
Degrees:	37	Frequency:	3
Degrees:	42	Frequency:	2
Degrees:	43	Frequency:	2
Degrees:	40	Frequency:	4
Degrees:	41	Frequency:	3
Degrees:	46	Frequency:	1
Degrees:	44	Frequency:	1
Degrees:	45	Frequency:	2
Degrees:	51	Frequency:	3
Degrees:	48	Frequency:	3
Degrees:	57	Frequency:	1
Degrees:	64	Frequency:	1
